0332+5434  13-Dec-24       0.00   60657.00000000000            26.764100  0.000  0.000
       -14597.467346    1.399541538720 CCERA  360    4  1420.400                
 -1.32878869540974378e-05 -2.22048197659438723e-03 -1.15103654282335853e-07
 -1.20334597907847160e-10
0332+5434  13-Dec-24   60000.00   60657.25000000000            26.764100  0.000  0.000
        15632.746603    1.399541538720 CCERA  360    4  1420.400                
 -1.43587188061445878e-05 -2.32473976149928391e-03 -1.21863564933263805e-07
  1.10428482418884989e-10
0332+5434  13-Dec-24  120000.00   60657.50000000000            26.764100  0.000  0.000
        45861.997432    1.399541538720 CCERA  360    4  1420.400                
  1.27612180180539228e-05 -2.35686717462081944e-03  3.46866058667210449e-08
  1.19485193979676118e-10
0332+5434  13-Dec-24  180000.00   60657.75000000000            26.764100  0.000  0.000
        76091.254330    1.399541538720 CCERA  360    4  1420.400                
  1.41124136954781882e-05 -2.31094906002053376e-03  4.02081292918993491e-08
 -1.11356319306156610e-10
0332+5434  14-Dec-24       0.00   60658.00000000000            26.764100  0.000  0.000
       106320.518517    1.399541538720 CCERA  360    4  1420.400                
 -1.34715390956426792e-05 -2.33775489607255691e-03 -1.16281859799882236e-07
 -1.18427962618413873e-10
