0332+5434  12-Dec-24       0.00   60656.00000000000            26.764100  0.000  0.000
       -14916.081151    1.399541538720 CCERA  360    4  1420.400                
 -1.30272046219537219e-05 -2.10259494928706882e-03 -1.13908177231460352e-07
 -1.22206098284109806e-10
0332+5434  12-Dec-24   60000.00   60656.25000000000            26.764100  0.000  0.000
        15313.402895    1.399541538720 CCERA  360    4  1420.400                
 -1.46527610035285543e-05 -2.20694329018159430e-03 -1.23357638861921373e-07
  1.08350782762026690e-10
0332+5434  12-Dec-24  120000.00   60656.50000000000            26.764100  0.000  0.000
        45542.695873    1.399541538720 CCERA  360    4  1420.400                
  1.26549962850601588e-05 -2.24051817163921797e-03  3.30652854535092619e-08
  1.21376439566385317e-10
0332+5434  12-Dec-24  180000.00   60656.75000000000            26.764100  0.000  0.000
        75771.994555    1.399541538720 CCERA  360    4  1420.400                
  1.39869340805563870e-05 -2.19481211006783850e-03  4.12797417591679927e-08
 -1.09292534889890435e-10
0332+5434  13-Dec-24       0.00   60657.00000000000            26.764100  0.000  0.000
       106001.300753    1.399541538720 CCERA  360    4  1420.400                
 -1.33305549092575714e-05 -2.22048197659438723e-03 -1.15103654282335853e-07
 -1.20334597907847160e-10
