0332+5434  03-Jan-25       0.00   60678.00000000000            26.764100  0.000  0.000
        -7735.343560    1.399541538720 CCERA  360    4  1420.400                
 -1.69570370208700024e-05 -4.52565148945063053e-03 -1.32475132578488804e-07
 -7.36580481931838752e-11
0332+5434  03-Jan-25   60000.00   60678.25000000000            26.764100  0.000  0.000
        22493.793164    1.399541538720 CCERA  360    4  1420.400                
 -8.42746362146811811e-06 -4.62138950550880154e-03 -8.34160530663807985e-08
  1.45750637335194923e-10
0332+5434  03-Jan-25  120000.00   60678.50000000000            26.764100  0.000  0.000
        52722.223074    1.399541538720 CCERA  360    4  1420.400                
  1.70490858315665980e-05 -4.62191840694573496e-03  6.52715769496982912e-08
  7.26463667717475934e-11
0332+5434  03-Jan-25  180000.00   60678.75000000000            26.764100  0.000  0.000
        82950.666057    1.399541538720 CCERA  360    4  1420.400                
  8.77261607692829301e-06 -4.57498466609261491e-03  1.51960831151580856e-08
 -1.46131404933664762e-10
0332+5434  04-Jan-25       0.00   60679.00000000000            26.764100  0.000  0.000
       113179.111086    1.399541538720 CCERA  360    4  1420.400                
 -1.76637576980980541e-05 -4.62347847041832440e-03 -1.32796153025534780e-07
 -7.11434874306922421e-11
