0332+5434  06-Jan-25       0.00   60681.00000000000            26.764100  0.000  0.000
        -6776.342715    1.399541538720 CCERA  360    4  1420.400                
 -1.76506190547721170e-05 -4.81452790340981297e-03 -1.33315022602276372e-07
 -6.60552204343387063e-11
0332+5434  06-Jan-25   60000.00   60681.25000000000            26.764100  0.000  0.000
        23452.688587    1.399541538720 CCERA  360    4  1420.400                
 -8.09532449849784865e-06 -4.90779863051635235e-03 -7.66388920866608483e-08
  1.49336373157464342e-10
0332+5434  06-Jan-25  120000.00   60681.50000000000            26.764100  0.000  0.000
        53681.016320    1.399541538720 CCERA  360    4  1420.400                
  1.77413683602679526e-05 -4.90351744908964701e-03  6.92996742187665217e-08
  6.50262903679304256e-11
0332+5434  06-Jan-25  180000.00   60681.75000000000            26.764100  0.000  0.000
        83909.358078    1.399541538720 CCERA  360    4  1420.400                
  7.63561617065954496e-06 -4.85674979828567936e-03  1.16445648709285269e-08
 -1.49639561029370248e-10
0332+5434  07-Jan-25       0.00   60682.00000000000            26.764100  0.000  0.000
       114137.701162    1.399541538720 CCERA  360    4  1420.400                
 -1.80943871341154820e-05 -4.90770036763047562e-03 -1.33521313240734194e-07
 -6.34827428376536009e-11
