0332+5434  26-Dec-24       0.00   60670.00000000000            26.764100  0.000  0.000
       -10332.908517    1.399541538720 CCERA  360    4  1420.400                
 -1.55312818757459441e-05 -3.69498295322301731e-03 -1.28113326075063764e-07
 -9.29391323318965604e-11
0332+5434  26-Dec-24   60000.00   60670.25000000000            26.764100  0.000  0.000
        19897.656753    1.399541538720 CCERA  360    4  1420.400                
 -1.10763990920040599e-05 -3.79575328656684080e-03 -9.99704697335457476e-08
  1.34299577434882374e-10
0332+5434  26-Dec-24  120000.00   60670.50000000000            26.764100  0.000  0.000
        50126.381511    1.399541538720 CCERA  360    4  1420.400                
  1.61475478904438087e-05 -3.80879851485984525e-03  5.40725011060635336e-08
  9.19450482928994599e-11
0332+5434  26-Dec-24  180000.00   60670.75000000000            26.764100  0.000  0.000
        80355.116739    1.399541538720 CCERA  360    4  1420.400                
  1.09096457366810302e-05 -3.76178156933163442e-03  2.47799792335137131e-08
 -1.34926937520252844e-10
0332+5434  27-Dec-24       0.00   60671.00000000000            26.764100  0.000  0.000
       110583.855986    1.399541538720 CCERA  360    4  1420.400                
 -1.66519724827043772e-05 -3.80287915931056464e-03 -1.28833082940000113e-07
 -9.06185155688732733e-11
