0332+5434  17-Dec-24       0.00   60661.00000000000            26.764100  0.000  0.000
       -13271.881463    1.399541538720 CCERA  360    4  1420.400                
 -1.37161906570993446e-05 -2.68602251974719118e-03 -1.19702567813135338e-07
 -1.12496938116166934e-10
0332+5434  17-Dec-24   60000.00   60661.25000000000            26.764100  0.000  0.000
        16958.992970    1.399541538720 CCERA  360    4  1420.400                
 -1.34571585571957527e-05 -2.78972521267627487e-03 -1.15690121445429045e-07
  1.18409160220009739e-10
0332+5434  17-Dec-24  120000.00   60661.50000000000            26.764100  0.000  0.000
        47188.077441    1.399541538720 CCERA  360    4  1420.400                
  1.38612193691384583e-05 -2.81608532489702797e-03  4.09088402771633230e-08
  1.11575581655246953e-10
0332+5434  17-Dec-24  180000.00   60661.75000000000            26.764100  0.000  0.000
        77417.169385    1.399541538720 CCERA  360    4  1420.400                
  1.29633704822579814e-05 -2.76956594546981126e-03  3.56549662902126383e-08
 -1.19270574581844013e-10
0332+5434  18-Dec-24       0.00   60662.00000000000            26.764100  0.000  0.000
       107646.267646    1.399541538720 CCERA  360    4  1420.400                
 -1.39158569024210548e-05 -2.80093959229270198e-03 -1.20792120920104282e-07
 -1.10450529294810407e-10
