0332+5434  02-Jan-25       0.00   60677.00000000000            26.764100  0.000  0.000
        -8071.437167    1.399541538720 CCERA  360    4  1420.400                
 -1.69857637727703480e-05 -4.42634414933656874e-03 -1.32107751824310499e-07
 -7.61515562344320555e-11
0332+5434  02-Jan-25   60000.00   60677.25000000000            26.764100  0.000  0.000
        22157.922446    1.399541538720 CCERA  360    4  1420.400                
 -9.07626753395308623e-06 -4.52284257832490360e-03 -8.56197694467326583e-08
  1.44466810492325286e-10
0332+5434  02-Jan-25  120000.00   60677.50000000000            26.764100  0.000  0.000
        52386.387525    1.399541538720 CCERA  360    4  1420.400                
  1.68895461321289513e-05 -4.52497094915161116e-03  6.38945537652233128e-08
  7.51425322446420262e-11
0332+5434  02-Jan-25  180000.00   60677.75000000000            26.764100  0.000  0.000
        82614.865354    1.399541538720 CCERA  360    4  1420.400                
  8.90957786454028035e-06 -4.47800685617482947e-03  1.63741733376929485e-08
 -1.44876952797993977e-10
0332+5434  03-Jan-25       0.00   60678.00000000000            26.764100  0.000  0.000
       112843.345468    1.399541538720 CCERA  360    4  1420.400                
 -1.74646312859137388e-05 -4.52565148945063053e-03 -1.32475132578488804e-07
 -7.36580481931838752e-11
