0332+5434   3-JAN-25  143000.00   60678.60416666660            26.764100  0.512 -6.572
   1717744699.665517    1.399541538720   21  120    4  1420.400                
  0.27136507502011206D-06 -0.45982579644023615D-02  0.78655708867069127D-07
 -0.32485690894937098D-10
0332+5434   3-JAN-25  163000.00   60678.68750000000            26.764100  0.510 -6.690
   1717754775.813864    1.399541538720   21  120    4  1420.400                
  0.28441645940911254D-06 -0.45817935488822355D-02  0.52491294629324169D-07
 -0.11008304436270842D-09
0332+5434   3-JAN-25  183000.00   60678.77083333330            26.764100  0.510 -6.814
   1717764851.963671    1.399541538720   21  120    4  1420.400                
  0.14064480225970080D-06 -0.45746669827024132D-02  0.31626992449721316D-08
 -0.15794885878411070D-09
0332+5434   3-JAN-25  203000.00   60678.85416666660            26.764100  0.510 -7.033
   1717774928.113552    1.399541538720   21  120    4  1420.400                
 -0.63309767729360011D-07 -0.45809651037338021D-02 -0.56076443428732560D-07
 -0.16424623482623627D-09
0332+5434   3-JAN-25  223000.00   60678.93750000000            26.764100  0.513 -6.778
   1717785004.261840    1.399541538720   21  120    4  1420.400                
 -0.27167089371662339D-06 -0.46011661974893299D-02 -0.10921537337053241D-06
 -0.12490192292093938D-09
0332+5434   4-JAN-25    3000.00   60679.02083333330            26.764100  0.516 -6.561
   1717795080.407005    1.399541538720   21  120    4  1420.400                
 -0.28679891591714942D-06 -0.46319867026037185D-02 -0.14196334900634211D-06
 -0.52043006075894809D-10
0332+5434   4-JAN-25   23000.00   60679.10416666660            26.764100  0.521 -6.553
   1717805156.548132    1.399541538720   21  120    4  1420.400                
 -0.26837908143149264D-06 -0.46672842379591409D-02 -0.14547439388228304D-06
  0.33964969741295985D-10
0332+5434   4-JAN-25   43000.00   60679.18750000000            26.764100  0.525 -6.661
   1717815232.685135    1.399541538720   21  120    4  1420.400                
 -0.26546345337712758D-06 -0.46997119524446931D-02 -0.11876051549491920D-06
  0.11115271822829000D-09
0332+5434   4-JAN-25   63000.00   60679.27083333330            26.764100  0.527 -6.872
   1717825308.818745    1.399541538720   21  120    4  1420.400                
 -0.31121619907672560D-06 -0.47226897011955283D-02 -0.69032750540712601D-07
  0.15853642811560925D-09
0332+5434   4-JAN-25   83000.00   60679.35416666660            26.764100  0.528 -6.970
   1717835384.950383    1.399541538720   21  120    4  1420.400                
  0.49222064922178199D-07 -0.47321802400390172D-02 -0.96783641146229263D-08
  0.16349968934382729D-09
0332+5434   4-JAN-25  103000.00   60679.43750000000            26.764100  0.528 -6.688
   1717845461.081743    1.399541538720   21  120    4  1420.400                
  0.27375458640456669D-06 -0.47277762454565721D-02  0.43329122668554817D-07
  0.12435513539606725D-09
0332+5434   4-JAN-25  123000.00   60679.52083333330            26.764100  0.526 -6.567
   1717855537.214304    1.399541538720   21  120    4  1420.400                
  0.36984084005715033D-06 -0.47128134384287687D-02  0.75722038792541981D-07
  0.51917611344760566D-10
0332+5434   4-JAN-25  143000.00   60679.60416666660            26.764100  0.524 -6.506
   1717865613.348995    1.399541538720   21  120    4  1420.400                
  0.51252616323752996D-06 -0.46934611722687742D-02  0.78796396888483424D-07
 -0.34991820638050358D-10
0332+5434   4-JAN-25  163000.00   60679.68750000000            26.764100  0.522 -6.696
   1717875689.485915    1.399541538720   21  120    4  1420.400                
  0.38438188562190886D-06 -0.46770800956330866D-02  0.51726761118415911D-07
 -0.11195968605289380D-09
0332+5434   4-JAN-25  183000.00   60679.77083333330            26.764100  0.521 -6.938
   1717885765.624273    1.399541538720   21  120    4  1420.400                
  0.11045697642921768D-06 -0.46702183837578877D-02  0.18153776036934233D-08
 -0.15867152149218151D-09
0332+5434   4-JAN-25  203000.00   60679.85416666660            26.764100  0.522 -6.986
   1717895841.762667    1.399541538720   21  120    4  1420.400                
 -0.24593389335781008D-07 -0.46768579386994276D-02 -0.57441819752424546D-07
 -0.16335129818061209D-09
0332+5434   4-JAN-25  223000.00   60679.93750000000            26.764100  0.524 -6.691
   1717905917.899430    1.399541538720   21  120    4  1420.400                
 -0.24692458802026522D-06 -0.46973476598014697D-02 -0.11017366260195815D-06
 -0.12300478406777619D-09
0332+5434   5-JAN-25    3000.00   60680.02083333330            26.764100  0.528 -6.538
   1717915994.033044    1.399541538720   21  120    4  1420.400                
 -0.47284016128690048D-06 -0.47282937048936692D-02 -0.14202819041448573D-06
 -0.49924147422752001D-10
0332+5434   5-JAN-25   23000.00   60680.10416666660            26.764100  0.532 -6.542
   1717926070.162618    1.399541538720   21  120    4  1420.400                
 -0.36978936532582616D-06 -0.47634872214575843D-02 -0.14450529872193304D-06
  0.36479765856851561D-10
0332+5434   5-JAN-25   43000.00   60680.18750000000            26.764100  0.536 -6.636
   1717936146.288094    1.399541538720   21  120    4  1420.400                
 -0.24992507018046844D-06 -0.47955723344587798D-02 -0.11689292430029106D-06
  0.11342369680395658D-09
0332+5434   5-JAN-25   63000.00   60680.27083333330            26.764100  0.539 -6.898
   1717946222.410231    1.399541538720   21  120    4  1420.400                
 -0.12997190673892526D-06 -0.48180252302422915D-02 -0.66606482222062375D-07
  0.15961764806424102D-09
0332+5434   5-JAN-25   83000.00   60680.35416666660            26.764100  0.540 -6.977
   1717956298.530465    1.399541538720   21  120    4  1420.400                
  0.44234982268530183D-07 -0.48269159892885818D-02 -0.72149083553571212D-08
  0.16308214256918890D-09
0332+5434   5-JAN-25  103000.00   60680.43750000000            26.764100  0.539 -6.641
   1717966374.650491    1.399541538720   21  120    4  1420.400                
  0.25969459993915606D-06 -0.48219649467202237D-02  0.45334507810867255D-07
  0.12270363955995347D-09
0332+5434   5-JAN-25  123000.00   60680.52083333330            26.764100  0.537 -6.544
   1717976450.771774    1.399541538720   21  120    4  1420.400                
  0.41238315659408091D-06 -0.48066165379132839D-02  0.76855993787961714D-07
  0.48903551722468376D-10
0332+5434   5-JAN-25  143000.00   60680.60416666660            26.764100  0.535 -6.576
   1717986526.895220    1.399541538720   21  120    4  1420.400                
  0.32269107805204460D-06 -0.47871164951427429D-02  0.78897181669976912D-07
 -0.37467395862383096D-10
0332+5434   5-JAN-25  163000.00   60680.68750000000            26.764100  0.533 -6.613
   1717996603.020899    1.399541538720   21  120    4  1420.400                
  0.28555190436221954D-06 -0.47708207745525682D-02  0.50925267711099806D-07
 -0.11429832420792689D-09
0332+5434   5-JAN-25  183000.00   60680.77083333330            26.764100  0.532 -7.020
   1718006679.147993    1.399541538720   21  120    4  1420.400                
  0.15994332640044010D-06 -0.47642256808609496D-02  0.46310643406291051D-09
 -0.15992246535162796D-09
0332+5434   5-JAN-25  203000.00   60680.85416666660            26.764100  0.533 -6.921
   1718016755.275086    1.399541538720   21  120    4  1420.400                
 -0.22969085343750042D-06 -0.47712057765098587D-02 -0.58848330182381286D-07
 -0.16272927201944586D-09
0332+5434   5-JAN-25  223000.00   60680.93750000000            26.764100  0.535 -6.688
   1718026831.400509    1.399541538720   21  120    4  1420.400                
 -0.37870650711424808D-06 -0.47919783702513432D-02 -0.11105785563229971D-06
 -0.12145715530550125D-09
0332+5434   6-JAN-25    3000.00   60681.02083333330            26.764100  0.539 -6.594
   1718036907.522757    1.399541538720   21  120    4  1420.400                
 -0.29688833566484654D-06 -0.48230435197563603D-02 -0.14206415246932006D-06
 -0.47364546172696518D-10
0332+5434   6-JAN-25   23000.00   60681.10416666660            26.764100  0.543 -6.568
   1718046983.640965    1.399541538720   21  120    4  1420.400                
 -0.28595119581876702D-06 -0.48581223317902779D-02 -0.14348919023275978D-06
  0.39330731311127383D-10
0332+5434   6-JAN-25   43000.00   60681.18750000000            26.764100  0.547 -6.667
   1718057059.755105    1.399541538720   21  120    4  1420.400                
 -0.30941093812525714D-06 -0.48898520698484587D-02 -0.11498617799416098D-06
  0.11502746793229138D-09
0332+5434   6-JAN-25   63000.00   60681.27083333330            26.764100  0.550 -6.927
   1718067135.865958    1.399541538720   21  120    4  1420.400                
 -0.44405676702017303D-07 -0.49117764585563392D-02 -0.64182251263167720D-07
  0.16061607783277299D-09
0332+5434   6-JAN-25   83000.00   60681.35416666660            26.764100  0.551 -7.041
   1718077211.974978    1.399541538720   21  120    4  1420.400                
  0.34266491397059749D-07 -0.49200640937688582D-02 -0.47418131868459559D-08
  0.16208074012607904D-09
0332+5434   6-JAN-25  103000.00   60681.43750000000            26.764100  0.550 -6.677
   1718087288.083860    1.399541538720   21  120    4  1420.400                
  0.26336823716513306D-06 -0.49145701123257928D-02  0.47291450934404350D-07
  0.12089582459880528D-09
0332+5434   6-JAN-25  123000.00   60681.52083333330            26.764100  0.548 -6.558
   1718097364.194056    1.399541538720   21  120    4  1420.400                
  0.30379306901624748D-06 -0.48988414249808779D-02  0.77963192576346777D-07
  0.45796232777492386D-10
0332+5434   6-JAN-25  143000.00   60681.60416666660            26.764100  0.546 -6.515
   1718107440.306446    1.399541538720   21  120    4  1420.400                
  0.37830187232622400D-06 -0.48791973509724135D-02  0.78976436553297338D-07
 -0.40870382113920662D-10
0332+5434   6-JAN-25  163000.00   60681.68750000000            26.764100  0.544 -6.625
   1718117516.421071    1.399541538720   21  120    4  1420.400                
  0.28195077321266208D-06 -0.48629978483439610D-02  0.50118742962179616D-07
 -0.11606499884211637D-09
0332+5434   6-JAN-25  183000.00   60681.77083333330            26.764100  0.543 -6.925
   1718127592.537090    1.399541538720   21  120    4  1420.400                
  0.43642347116107970D-07 -0.48566716211836877D-02 -0.87621764210558198D-09
 -0.16086657527639514D-09
0332+5434   6-JAN-25  203000.00   60681.85416666660            26.764100  0.544 -6.965
   1718137668.653069    1.399541538720   21  120    4  1420.400                
  0.18703597774483464D-07 -0.48639912968449790D-02 -0.60214664225052153D-07
 -0.16167286793563798D-09
0332+5434   6-JAN-25  223000.00   60681.93750000000            26.764100  0.547 -6.727
   1718147744.767339    1.399541538720   21  120    4  1420.400                
 -0.20905620628884755D-06 -0.48850437951821861D-02 -0.11192454885484638D-06
 -0.11939425882551289D-09
0332+5434   7-JAN-25    3000.00   60682.02083333330            26.764100  0.550 -6.539
   1718157820.878411    1.399541538720   21  120    4  1420.400                
 -0.40834707434791312D-06 -0.49162191419350196D-02 -0.14205871968640951D-06
 -0.44532208801689784D-10
0332+5434   7-JAN-25   23000.00   60682.10416666660            26.764100  0.554 -6.527
   1718167896.985444    1.399541538720   21  120    4  1420.400                
 -0.50321323202281000D-06 -0.49511713221100945D-02 -0.14246525400622767D-06
  0.41738077575916169D-10
0332+5434   7-JAN-25   43000.00   60682.18750000000            26.764100  0.558 -6.648
   1718177973.088436    1.399541538720   21  120    4  1420.400                
 -0.40322202381339956D-06 -0.49825425550946139D-02 -0.11307046441043072D-06
  0.11740828175377464D-09
0332+5434   7-JAN-25   63000.00   60682.27083333330            26.764100  0.561 -6.933
   1718188049.188198    1.399541538720   21  120    4  1420.400                
 -0.20241226088066181D-06 -0.50039290873091086D-02 -0.61722814371836376D-07
  0.16168279868819067D-09
0332+5434   7-JAN-25   83000.00   60682.35416666660            26.764100  0.562 -7.085
   1718198125.286196    1.399541538720   21  120    4  1420.400                
  0.11313712770217626D-06 -0.50116148125765522D-02 -0.22925686775745894D-08
  0.16182550877653285D-09
0332+5434   7-JAN-25  103000.00   60682.43750000000            26.764100  0.561 -6.649
   1718208201.384126    1.399541538720   21  120    4  1420.400                
  0.27049760718060828D-06 -0.50055754933843689D-02  0.49261320900467594D-07
  0.11821010917371677D-09
0332+5434   7-JAN-25  123000.00   60682.52083333330            26.764100  0.559 -6.538
   1718218277.483425    1.399541538720   21  120    4  1420.400                
  0.51862508936150885D-06 -0.49894794164306536D-02  0.79030153007893235D-07
  0.43482018875128967D-10
