0332+5434  22-DEC-24  153000.00   60666.64583333330            26.764100  0.363 -6.537
   1716298762.314241    1.399541538720   21  120    4  1420.400                
  0.41572385361954289D-06 -0.33459066302385532D-02  0.72423713806095228D-07
 -0.41150656077227532D-10
0332+5434  22-DEC-24  173000.00   60666.72916666660            26.764100  0.362 -6.628
   1716308838.612753    1.399541538720   21  120    4  1420.400                
  0.31707227144745680D-06 -0.33313063637501715D-02  0.43315902722983924D-07
 -0.11694188053310690D-09
0332+5434  22-DEC-24  193000.00   60666.81250000000            26.764100  0.361 -6.951
   1716318914.912488    1.399541538720   21  120    4  1420.400                
  0.98657408554465311D-07 -0.33266345141619766D-02 -0.78013349886752066D-08
 -0.16081972781383558D-09
0332+5434  22-DEC-24  213000.00   60666.89583333330            26.764100  0.362 -6.942
   1716328991.211971    1.399541538720   21  120    4  1420.400                
 -0.14713996091970916D-06 -0.33356280758971295D-02 -0.67180860831152594D-07
 -0.16180682918183659D-09
0332+5434  22-DEC-24  233000.00   60666.97916666660            26.764100  0.365 -6.685
   1716339067.509533    1.399541538720   21  120    4  1420.400                
 -0.23278229586395959D-06 -0.33583463330566572D-02 -0.11878326798231094D-06
 -0.11929376383294212D-09
0332+5434  23-DEC-24   13000.00   60667.06250000000            26.764100  0.369 -6.554
   1716349143.803722    1.399541538720   21  120    4  1420.400                
 -0.27045038288622770D-06 -0.33911508456519572D-02 -0.14870269417720465D-06
 -0.43286531836620709D-10
0332+5434  23-DEC-24   33000.00   60667.14583333330            26.764100  0.373 -6.530
   1716359220.093668    1.399541538720   21  120    4  1420.400                
 -0.49457311491357160D-06 -0.34276745542007950D-02 -0.14891333537504086D-06
  0.43013812777453408D-10
0332+5434  23-DEC-24   53000.00   60667.22916666660            26.764100  0.377 -6.670
   1716369296.379377    1.399541538720   21  120    4  1420.400                
 -0.29034325545055154D-06 -0.34605600920875183D-02 -0.11928391989141273D-06
  0.11835328013987140D-09
0332+5434  23-DEC-24   73000.00   60667.31250000000            26.764100  0.380 -7.058
   1716379372.661700    1.399541538720   21  120    4  1420.400                
 -0.13241792327879295D-06 -0.34834190161976350D-02 -0.67835872141100070D-07
  0.16139862767838415D-09
0332+5434  23-DEC-24   93000.00   60667.39583333330            26.764100  0.381 -7.077
   1716389448.942071    1.399541538720   21  120    4  1420.400                
 -0.32917350714375493D-07 -0.34925698197551679D-02 -0.84307780845186778D-08
  0.16152343052651709D-09
0332+5434  23-DEC-24  113000.00   60667.47916666660            26.764100  0.380 -6.653
   1716399525.222186    1.399541538720   21  120    4  1420.400                
  0.24484726759171796D-06 -0.34880159097439791D-02  0.42986028177730171D-07
  0.11813085896435396D-09
0332+5434  23-DEC-24  133000.00   60667.56250000000            26.764100  0.378 -6.596
   1716409601.503513    1.399541538720   21  120    4  1420.400                
  0.24109547938722738D-06 -0.34734510151618260D-02  0.72506381010504115D-07
  0.42359322592749723D-10
0332+5434  23-DEC-24  153000.00   60667.64583333330            26.764100  0.376 -6.559
   1716419677.786865    1.399541538720   21  120    4  1420.400                
  0.35300838404926150D-06 -0.34552710092779133D-02  0.72245883236106910D-07
 -0.44078032356508426D-10
0332+5434  23-DEC-24  173000.00   60667.72916666660            26.764100  0.375 -6.622
   1716429754.072247    1.399541538720   21  120    4  1420.400                
  0.22494147808752398D-06 -0.34408362274700940D-02  0.42216343582022172D-07
 -0.11893288807417865D-09
0332+5434  23-DEC-24  193000.00   60667.81250000000            26.764100  0.374 -6.967
   1716439830.358819    1.399541538720   21  120    4  1420.400                
  0.97452809898872781D-07 -0.34364983545691692D-02 -0.94135829441425697D-08
 -0.16254063973927269D-09
0332+5434  23-DEC-24  213000.00   60667.89583333330            26.764100  0.375 -6.964
   1716449906.645094    1.399541538720   21  120    4  1420.400                
 -0.19809958850733594D-06 -0.34458958175523241D-02 -0.68802322168028943D-07
 -0.16063543079774664D-09
0332+5434  23-DEC-24  233000.00   60667.97916666660            26.764100  0.378 -6.655
   1716459982.929402    1.399541538720   21  120    4  1420.400                
 -0.31975949965444691D-06 -0.34689488526627689D-02 -0.11988162601920780D-06
 -0.11688731290870233D-09
0332+5434  24-DEC-24   13000.00   60668.06250000000            26.764100  0.382 -6.567
   1716470059.210308    1.399541538720   21  120    4  1420.400                
 -0.41188243635821749D-06 -0.35019134704881078D-02 -0.14892699794006769D-06
 -0.40943780492832736D-10
0332+5434  24-DEC-24   33000.00   60668.14583333330            26.764100  0.386 -6.559
   1716480135.486964    1.399541538720   21  120    4  1420.400                
 -0.45738638172797622D-06 -0.35383632744920277D-02 -0.14806809903958268D-06
  0.45434627743666474D-10
0332+5434  24-DEC-24   53000.00   60668.22916666660            26.764100  0.390 -6.672
   1716490211.759406    1.399541538720   21  120    4  1420.400                
 -0.20940016993140943D-06 -0.35709412663104800D-02 -0.11757107238774014D-06
  0.12078156861410408D-09
0332+5434  24-DEC-24   73000.00   60668.31250000000            26.764100  0.393 -6.984
   1716500288.028512    1.399541538720   21  120    4  1420.400                
 -0.16787763376210538D-06 -0.35933188226253071D-02 -0.65641963970415338D-07
  0.16252223796209658D-09
0332+5434  24-DEC-24   93000.00   60668.39583333330            26.764100  0.394 -6.949
   1716510364.295727    1.399541538720   21  120    4  1420.400                
  0.17687769369060399D-06 -0.36019242560563131D-02 -0.62219026079187735D-08
  0.16065259395880692D-09
0332+5434  24-DEC-24  113000.00   60668.47916666660            26.764100  0.393 -6.651
   1716520440.562750    1.399541538720   21  120    4  1420.400                
  0.36473345672368579D-06 -0.35968914600826418D-02  0.44673159729958568D-07
  0.11565451174882834D-09
0332+5434  24-DEC-24  133000.00   60668.56250000000            26.764100  0.391 -6.521
   1716530516.831032    1.399541538720   21  120    4  1420.400                
  0.53637675229682323D-06 -0.35820258086563016D-02  0.73294974531568450D-07
  0.39879682578872043D-10
0332+5434  24-DEC-24  153000.00   60668.64583333330            26.764100  0.389 -6.540
   1716540593.101362    1.399541538720   21  120    4  1420.400                
  0.27468569425487992D-06 -0.35637777894038385D-02  0.72024471276075061D-07
 -0.46837528670122186D-10
0332+5434  24-DEC-24  173000.00   60668.72916666660            26.764100  0.388 -6.698
   1716550669.373714    1.399541538720   21  120    4  1420.400                
  0.31747846713387764D-06 -0.35495089445587175D-02  0.41120384566625519D-07
 -0.12128418846627409D-09
0332+5434  24-DEC-24  193000.00   60668.81250000000            26.764100  0.387 -7.058
   1716560745.647227    1.399541538720   21  120    4  1420.400                
  0.59304683948603794D-07 -0.35455126740908680D-02 -0.11030186877903108D-07
 -0.16186586292251810D-09
0332+5434  24-DEC-24  213000.00   60668.89583333330            26.764100  0.388 -7.067
   1716570821.920397    1.399541538720   21  120    4  1420.400                
 -0.88037846385777881D-07 -0.35553017592054119D-02 -0.70379864426464871D-07
 -0.15978747448386276D-09
0332+5434  24-DEC-24  233000.00   60668.97916666660            26.764100  0.391 -6.651
   1716580898.191556    1.399541538720   21  120    4  1420.400                
 -0.29681802611456398D-06 -0.35786805341404288D-02 -0.12093007771951216D-06
 -0.11500372359206271D-09
0332+5434  25-DEC-24   13000.00   60669.06250000000            26.764100  0.395 -6.535
   1716590974.459282    1.399541538720   21  120    4  1420.400                
 -0.26411924044264339D-06 -0.36117939689159395D-02 -0.14908068049616955D-06
 -0.38834502552164382D-10
0332+5434  25-DEC-24   33000.00   60669.14583333330            26.764100  0.399 -6.519
   1716601050.722755    1.399541538720   21  120    4  1420.400                
 -0.52785590909913303D-06 -0.36481617390457400D-02 -0.14720830789158405D-06
  0.48688753063107043D-10
0332+5434  25-DEC-24   53000.00   60669.22916666660            26.764100  0.403 -6.665
   1716611126.982039    1.399541538720   21  120    4  1420.400                
 -0.39022679608789268D-06 -0.36804152504503547D-02 -0.11584353042040810D-06
  0.12225051639884005D-09
0332+5434  25-DEC-24   73000.00   60669.31250000000            26.764100  0.406 -6.940
   1716621203.238035    1.399541538720   21  120    4  1420.400                
 -0.14735292521467105D-06 -0.37023042654354714D-02 -0.63412665857302285D-07
  0.16296377446065491D-09
0332+5434  25-DEC-24   93000.00   60669.39583333330            26.764100  0.407 -6.983
   1716631279.492206    1.399541538720   21  120    4  1420.400                
  0.43521605308873113D-07 -0.37103636896868046D-02 -0.39852936296638928D-08
  0.15993581048583436D-09
0332+5434  25-DEC-24  113000.00   60669.47916666660            26.764100  0.406 -6.652
   1716641355.746245    1.399541538720   21  120    4  1420.400                
  0.14750754970171347D-06 -0.37048530422513488D-02  0.46330555971898614D-07
  0.11376150127357901D-09
0332+5434  25-DEC-24  133000.00   60669.56250000000            26.764100  0.404 -6.507
   1716651432.001592    1.399541538720   21  120    4  1420.400                
  0.34158993127275249D-06 -0.36896870898920774D-02  0.74086190544383807D-07
  0.37548425446620989D-10
