0332+5434  18-Dec-24       0.00   60662.00000000000            26.764100  0.000  0.000
       -12952.192548    1.399541538720 CCERA  360    4  1420.400                
 -1.38885004640822851e-05 -2.80093959229270198e-03 -1.20792120920104282e-07
 -1.10450529294810407e-10
0332+5434  18-Dec-24   60000.00   60662.25000000000            26.764100  0.000  0.000
        17277.262656    1.399541538720 CCERA  360    4  1420.400                
 -1.29036350641785416e-05 -2.90444561601115514e-03 -1.14085086831941665e-07
  1.20320444987986284e-10
0332+5434  18-Dec-24  120000.00   60662.50000000000            26.764100  0.000  0.000
        47506.306090    1.399541538720 CCERA  360    4  1420.400                
  1.46018047790917745e-05 -2.92936049201661820e-03  4.24127121026572349e-08
  1.09516606990128426e-10
0332+5434  18-Dec-24  180000.00   60662.75000000000            26.764100  0.000  0.000
        77735.357337    1.399541538720 CCERA  360    4  1420.400                
  1.31780269769798709e-05 -2.88274044988096013e-03  3.44694319476029335e-08
 -1.21159963437139475e-10
0332+5434  19-Dec-24       0.00   60663.00000000000            26.764100  0.000  0.000
       107964.414649    1.399541538720 CCERA  360    4  1420.400                
 -1.45127830499806151e-05 -2.91524715736140921e-03 -1.21848546362822661e-07
 -1.08370563702134742e-10
