0332+5434   4-JAN-25  143000.00   60679.60416666660            26.764100  0.524 -6.535
   1717865612.977922    1.399541538720   21  120    4  1420.400                
  0.38752617711218409D-06 -0.46934620754603418D-02  0.78786395690803826D-07
 -0.34778044922648910D-10
0332+5434   4-JAN-25  163000.00   60679.68750000000            26.764100  0.522 -6.656
   1717875689.114843    1.399541538720   21  120    4  1420.400                
  0.27030956362856520D-06 -0.46770795878479775D-02  0.51722509081251091D-07
 -0.11202182745677144D-09
0332+5434   4-JAN-25  183000.00   60679.77083333330            26.764100  0.521 -6.846
   1717885765.253201    1.399541538720   21  120    4  1420.400                
  0.25275240026740667D-06 -0.46702165793248663D-02  0.18026289195558335D-08
 -0.15919432974314158D-09
0332+5434   4-JAN-25  203000.00   60679.85416666660            26.764100  0.522 -7.017
   1717895841.391595    1.399541538720   21  120    4  1420.400                
 -0.46843139485603161D-07 -0.46768579404926755D-02 -0.57482256749603817D-07
 -0.16334529873758661D-09
0332+5434   4-JAN-25  223000.00   60679.93750000000            26.764100  0.524 -6.721
   1717905917.528358    1.399541538720   21  120    4  1420.400                
 -0.21671030644897986D-06 -0.46973481063868252D-02 -0.11014063647025959D-06
 -0.12308178770335765D-09
0332+5434   5-JAN-25    3000.00   60680.02083333330            26.764100  0.528 -6.529
   1717915993.661972    1.399541538720   21  120    4  1420.400                
 -0.49529434508236662D-06 -0.47282937000864547D-02 -0.14204668659979059D-06
 -0.49831445273990089D-10
0332+5434   5-JAN-25   23000.00   60680.10416666660            26.764100  0.532 -6.512
   1717926069.791545    1.399541538720   21  120    4  1420.400                
 -0.48197247334760135D-06 -0.47634854428904886D-02 -0.14449588236920228D-06
  0.36014803602670340D-10
0332+5434   5-JAN-25   43000.00   60680.18750000000            26.764100  0.536 -6.664
   1717936145.917022    1.399541538720   21  120    4  1420.400                
 -0.35606368070114193D-06 -0.47955717187158414D-02 -0.11689000992124438D-06
  0.11320395660126516D-09
0332+5434   5-JAN-25   63000.00   60680.27083333330            26.764100  0.539 -6.879
   1717946222.039158    1.399541538720   21  120    4  1420.400                
 -0.18222761850379037D-06 -0.48180264002262944D-02 -0.66629074540651559D-07
  0.16018111664642646D-09
0332+5434   5-JAN-25   83000.00   60680.35416666660            26.764100  0.540 -6.969
   1717956298.159392    1.399541538720   21  120    4  1420.400                
  0.18311771263839674D-06 -0.48269164842401997D-02 -0.72187602171130182D-08
  0.16299135160271661D-09
0332+5434   5-JAN-25  103000.00   60680.43750000000            26.764100  0.539 -6.680
   1717966374.279419    1.399541538720   21  120    4  1420.400                
  0.21180697108758343D-06 -0.48219669587869878D-02  0.45302566414537805D-07
  0.12324689016412681D-09
0332+5434   5-JAN-25  123000.00   60680.52083333330            26.764100  0.537 -6.547
   1717976450.400702    1.399541538720   21  120    4  1420.400                
  0.34083002515983697D-06 -0.48066151703771822D-02  0.76853458361864321D-07
  0.48594706105542921D-10
