0332+5434  25-Dec-24       0.00   60669.00000000000            26.764100  0.000  0.000
       -10672.180591    1.399541538720 CCERA  360    4  1420.400                
 -1.54403347097767248e-05 -3.58611059344630641e-03 -1.27347785137960092e-07
 -9.52318348296478880e-11
0332+5434  25-Dec-24   60000.00   60669.25000000000            26.764100  0.000  0.000
        19556.968001    1.399541538720 CCERA  360    4  1420.400                
 -1.13828065453422377e-05 -3.68734280710901344e-03 -1.01864216404177329e-07
  1.32685537139183101e-10
0332+5434  25-Dec-24  120000.00   60669.50000000000            26.764100  0.000  0.000
        49785.731503    1.399541538720 CCERA  360    4  1420.400                
  1.55979588105599293e-05 -3.70190469106053931e-03  5.26456671127877012e-08
  9.42429513047633809e-11
0332+5434  25-Dec-24  180000.00   60669.75000000000            26.764100  0.000  0.000
        80014.505147    1.399541538720 CCERA  360    4  1420.400                
  1.08057523301793885e-05 -3.65490407250693757e-03  2.59989714252055408e-08
 -1.33341328481231856e-10
0332+5434  26-Dec-24       0.00   60670.00000000000            26.764100  0.000  0.000
       110243.283064    1.399541538720 CCERA  360    4  1420.400                
 -1.57283299214407386e-05 -3.69498295322301731e-03 -1.28113326075063764e-07
 -9.29391323318965604e-11
