0332+5434  09-Dec-24       0.00   60653.00000000000            26.764100  0.000  0.000
       -15903.212376    1.399541538720 CCERA  360    4  1420.400                
 -1.21152426177235969e-05 -1.74520620574768973e-03 -1.10186923795544545e-07
 -1.27607419270878440e-10
0332+5434  09-Dec-24   60000.00   60653.25000000000            26.764100  0.000  0.000
        14326.662947    1.399541538720 CCERA  360    4  1420.400                
 -1.53871392181740850e-05 -1.84969070456242357e-03 -1.27691498237552145e-07
  1.01921949066080993e-10
0332+5434  09-Dec-24  120000.00   60653.50000000000            26.764100  0.000  0.000
        44556.083771    1.399541538720 CCERA  360    4  1420.400                
  1.21645008532920906e-05 -1.88760093204744261e-03  2.80663808726532885e-08
  1.26827689525184306e-10
0332+5434  09-Dec-24  180000.00   60653.75000000000            26.764100  0.000  0.000
        74785.509172    1.399541538720 CCERA  360    4  1420.400                
  1.52249843259937642e-05 -1.84267006373174539e-03  4.43367522710339290e-08
 -1.02914341008329116e-10
0332+5434  10-Dec-24       0.00   60654.00000000000            26.764100  0.000  0.000
       105014.942738    1.399541538720 CCERA  360    4  1420.400                
 -1.26455347937841100e-05 -1.86494946509998313e-03 -1.11454057087032366e-07
 -1.25842912515340659e-10
