0332+5434  01-Jan-25       0.00   60676.00000000000            26.764100  0.000  0.000
        -8401.796683    1.399541538720 CCERA  360    4  1420.400                
 -1.70902872044758363e-05 -4.32561140832880830e-03 -1.31690841830898204e-07
 -7.86232508088358511e-11
0332+5434  01-Jan-25   60000.00   60676.25000000000            26.764100  0.000  0.000
        21828.318156    1.399541538720 CCERA  360    4  1420.400                
 -8.87291849043947812e-06 -4.42283444524481286e-03 -8.77884336485130553e-08
  1.43139444548875125e-10
0332+5434  01-Jan-25  120000.00   60676.50000000000            26.764100  0.000  0.000
        52056.818933    1.399541538720 CCERA  360    4  1420.400                
  1.69975455074665605e-05 -4.42655494225990993e-03  6.25075515218563954e-08
  7.76156920080450233e-11
0332+5434  01-Jan-25  180000.00   60676.75000000000            26.764100  0.000  0.000
        82285.332135    1.399541538720 CCERA  360    4  1420.400                
  9.27923848039393116e-06 -4.37956827085311026e-03  1.75554899736013461e-08
 -1.43580506334389628e-10
0332+5434  02-Jan-25       0.00   60677.00000000000            26.764100  0.000  0.000
       112513.847863    1.399541538720 CCERA  360    4  1420.400                
 -1.76469092065538800e-05 -4.42634414933656874e-03 -1.32107751824310499e-07
 -7.61515562344320555e-11
