0332+5434   4-JAN-25  143000.00   60679.60416666660            26.764100  0.524 -6.535
   1717865612.553411    1.399541538720   21  120    4  1420.400                
  0.38752617711218409D-06 -0.46934620754603418D-02  0.78786395690803826D-07
 -0.34778044922648910D-10
0332+5434   4-JAN-25  163000.00   60679.68750000000            26.764100  0.522 -6.656
   1717875688.690331    1.399541538720   21  120    4  1420.400                
  0.27030956362856520D-06 -0.46770795878479775D-02  0.51722509081251091D-07
 -0.11202182745677144D-09
0332+5434   4-JAN-25  183000.00   60679.77083333330            26.764100  0.521 -6.846
   1717885764.828689    1.399541538720   21  120    4  1420.400                
  0.25275240026740667D-06 -0.46702165793248663D-02  0.18026289195558335D-08
 -0.15919432974314158D-09
0332+5434   4-JAN-25  203000.00   60679.85416666660            26.764100  0.522 -7.017
   1717895840.967083    1.399541538720   21  120    4  1420.400                
 -0.46843139485603161D-07 -0.46768579404926755D-02 -0.57482256749603817D-07
 -0.16334529873758661D-09
0332+5434   4-JAN-25  223000.00   60679.93750000000            26.764100  0.524 -6.721
   1717905917.103846    1.399541538720   21  120    4  1420.400                
 -0.21671030644897986D-06 -0.46973481063868252D-02 -0.11014063647025959D-06
 -0.12308178770335765D-09
0332+5434   5-JAN-25    3000.00   60680.02083333330            26.764100  0.528 -6.529
   1717915993.237460    1.399541538720   21  120    4  1420.400                
 -0.49529434508236662D-06 -0.47282937000864547D-02 -0.14204668659979059D-06
 -0.49831445273990089D-10
0332+5434   5-JAN-25   23000.00   60680.10416666660            26.764100  0.532 -6.512
   1717926069.367033    1.399541538720   21  120    4  1420.400                
 -0.48197247334760135D-06 -0.47634854428904886D-02 -0.14449588236920228D-06
  0.36014803602670340D-10
0332+5434   5-JAN-25   43000.00   60680.18750000000            26.764100  0.536 -6.664
   1717936145.492510    1.399541538720   21  120    4  1420.400                
 -0.35606368070114193D-06 -0.47955717187158414D-02 -0.11689000992124438D-06
  0.11320395660126516D-09
0332+5434   5-JAN-25   63000.00   60680.27083333330            26.764100  0.539 -6.879
   1717946221.614646    1.399541538720   21  120    4  1420.400                
 -0.18222761850379037D-06 -0.48180264002262944D-02 -0.66629074540651559D-07
  0.16018111664642646D-09
0332+5434   5-JAN-25   83000.00   60680.35416666660            26.764100  0.540 -6.969
   1717956297.734880    1.399541538720   21  120    4  1420.400                
  0.18311771263839674D-06 -0.48269164842401997D-02 -0.72187602171130182D-08
  0.16299135160271661D-09
0332+5434   5-JAN-25  103000.00   60680.43750000000            26.764100  0.539 -6.680
   1717966373.854907    1.399541538720   21  120    4  1420.400                
  0.21180697108758343D-06 -0.48219669587869878D-02  0.45302566414537805D-07
  0.12324689016412681D-09
0332+5434   5-JAN-25  123000.00   60680.52083333330            26.764100  0.537 -6.547
   1717976449.976190    1.399541538720   21  120    4  1420.400                
  0.34083002515983697D-06 -0.48066151703771822D-02  0.76853458361864321D-07
  0.48594706105542921D-10
0332+5434   5-JAN-25  143000.00   60680.60416666660            26.764100  0.535 -6.561
   1717986526.099636    1.399541538720   21  120    4  1420.400                
  0.42431485152723660D-06 -0.47871162184892893D-02  0.78910967184265847D-07
 -0.37660250301845448D-10
0332+5434   5-JAN-25  163000.00   60680.68750000000            26.764100  0.533 -6.672
   1717996602.225314    1.399541538720   21  120    4  1420.400                
  0.39891903752710270D-06 -0.47708199975975253D-02  0.50933494238553372D-07
 -0.11461433454111560D-09
0332+5434   5-JAN-25  183000.00   60680.77083333330            26.764100  0.532 -6.891
   1718006678.352409    1.399541538720   21  120    4  1420.400                
  0.23553689103776370D-06 -0.47642265127320095D-02  0.47829192142561092D-09
 -0.15990661238880159D-09
0332+5434   5-JAN-25  203000.00   60680.85416666660            26.764100  0.533 -6.924
   1718016754.479502    1.399541538720   21  120    4  1420.400                
 -0.71041796359619944D-07 -0.47712049373498881D-02 -0.58846976192815063D-07
 -0.16314524421204994D-09
0332+5434   5-JAN-25  223000.00   60680.93750000000            26.764100  0.535 -6.698
   1718026830.604924    1.399541538720   21  120    4  1420.400                
 -0.26750912668531217D-06 -0.47919782887990382D-02 -0.11105588334914299D-06
 -0.12165092142375984D-09
0332+5434   6-JAN-25    3000.00   60681.02083333330            26.764100  0.539 -6.577
   1718036906.727173    1.399541538720   21  120    4  1420.400                
 -0.19467900542894170D-06 -0.48230448166708311D-02 -0.14206520683403078D-06
 -0.47268754159360882D-10
0332+5434   6-JAN-25   23000.00   60681.10416666660            26.764100  0.543 -6.508
   1718046982.845381    1.399541538720   21  120    4  1420.400                
 -0.35930215371417305D-06 -0.48581216660182830D-02 -0.14352000000148006D-06
  0.38975893159193014D-10
0332+5434   6-JAN-25   43000.00   60681.18750000000            26.764100  0.547 -6.651
   1718057058.959520    1.399541538720   21  120    4  1420.400                
 -0.45754439735901944D-06 -0.48898557178860746D-02 -0.11498158776224773D-06
  0.11583596281434844D-09
0332+5434   6-JAN-25   63000.00   60681.27083333330            26.764100  0.550 -7.005
   1718067135.070374    1.399541538720   21  120    4  1420.400                
 -0.17426065287537060D-06 -0.49117771319176053D-02 -0.64186313567614434D-07
  0.16094519323075900D-09
0332+5434   6-JAN-25   83000.00   60681.35416666660            26.764100  0.551 -7.004
   1718077211.179394    1.399541538720   21  120    4  1420.400                
 -0.26111738087166114D-07 -0.49200637753190760D-02 -0.47569198535412447D-08
  0.16191818683296444D-09
0332+5434   6-JAN-25  103000.00   60681.43750000000            26.764100  0.550 -6.688
   1718087287.288276    1.399541538720   21  120    4  1420.400                
  0.36211654604986396D-06 -0.49145683030980929D-02  0.47295675596087798D-07
  0.12067083120537737D-09
0332+5434   6-JAN-25  123000.00   60681.52083333330            26.764100  0.548 -6.568
   1718097363.398472    1.399541538720   21  120    4  1420.400                
  0.44468191362143344D-06 -0.48988460815248399D-02  0.77962031747808014D-07
  0.47222926331312979D-10
