0332+5434  13-Mar-25       0.00   60747.00000000000            26.764100  0.000  0.000
      -106168.340227    1.399541538720 CCERA  360    4  1420.400                
 -1.41735437585982437e-05 -6.98924535030072663e-03 -7.10034618952941535e-08
  1.07275714918800660e-10
0332+5434  13-Mar-25   60000.00   60747.25000000000            26.764100  0.000  0.000
       -75941.918329    1.399541538720 CCERA  360    4  1420.400                
  1.33209019979153624e-05 -6.98530515810675233e-03  8.54190937605326575e-08
  1.22490982131753761e-10
0332+5434  13-Mar-25  120000.00   60747.50000000000            26.764100  0.000  0.000
       -45713.515736    1.399541538720 CCERA  360    4  1420.400                
  1.49749421010317736e-05 -6.90134405869730159e-03  9.52230202588165400e-08
 -1.08032938683254253e-10
0332+5434  13-Mar-25  180000.00   60747.75000000000            26.764100  0.000  0.000
       -15485.134615    1.399541538720 CCERA  360    4  1420.400                
 -1.31098578448914840e-05 -6.88792414073150557e-03 -6.09638311195108414e-08
 -1.21265443154199673e-10
0332+5434  14-Mar-25       0.00   60748.00000000000            26.764100  0.000  0.000
        14742.740555    1.399541538720 CCERA  360    4  1420.400                
 -1.46867663891232125e-05 -6.95368795445272352e-03 -6.91042983167983330e-08
  1.09372294592859485e-10
0332+5434  14-Mar-25   60000.00   60748.25000000000            26.764100  0.000  0.000
        44970.331768    1.399541538720 CCERA  360    4  1420.400                
  1.35901555480877738e-05 -6.94799912666435333e-03  8.74723796792961533e-08
  1.20620624607332773e-10
0332+5434  14-Mar-25  120000.00   60748.50000000000            26.764100  0.000  0.000
        75197.942764    1.399541538720 CCERA  360    4  1420.400                
  1.47149488171289606e-05 -6.86351104861382573e-03  9.45854609089752332e-08
 -1.10114184618953435e-10
0332+5434  14-Mar-25  180000.00   60748.75000000000            26.764100  0.000  0.000
       105425.575116    1.399541538720 CCERA  360    4  1420.400                
 -1.32080676167020879e-05 -6.85092349960737465e-03 -6.17331015419338866e-08
 -1.19377751618599867e-10
0332+5434  15-Mar-25       0.00   60749.00000000000            26.764100  0.000  0.000
       135653.194384    1.399541538720 CCERA  360    4  1420.400                
 -1.39186343852689386e-05 -6.91628679383265565e-03 -6.71821445204395605e-08
  1.11436800718961290e-10
