0332+5434  20-Apr-25       0.00   60785.00000000000            26.764100  0.000  0.000
       -93933.116358    1.399541538720 CCERA  360    4  1420.400                
 -3.53352898148048211e-06 -4.41341525718548684e-03  1.11687128216208287e-08
  1.59832707544469922e-10
0332+5434  20-Apr-25   60000.00   60785.25000000000            26.764100  0.000  0.000
       -63705.633460    1.399541538720 CCERA  360    4  1420.400                
  1.89446578008438315e-05 -4.34790043375733910e-03  1.41599410581132445e-07
  3.17435482972344781e-11
0332+5434  20-Apr-25  120000.00   60785.50000000000            26.764100  0.000  0.000
       -33476.183053    1.399541538720 CCERA  360    4  1420.400                
  3.53179616485844446e-06 -4.26164104024379618e-03  5.42924144916615120e-08
 -1.59913824020526775e-10
0332+5434  20-Apr-25  180000.00   60785.75000000000            26.764100  0.000  0.000
        -3248.745903    1.399541538720 CCERA  360    4  1420.400                
 -1.92041596676652124e-05 -4.27981424438076373e-03 -7.51799753987374156e-08
 -3.01759715692531025e-11
0332+5434  21-Apr-25       0.00   60786.00000000000            26.764100  0.000  0.000
        26981.293484    1.399541538720 CCERA  360    4  1420.400                
 -3.04694157452737694e-06 -4.31768436944099127e-03  1.34482787677641448e-08
  1.60365687906202400e-10
0332+5434  21-Apr-25   60000.00   60786.25000000000            26.764100  0.000  0.000
        57209.845331    1.399541538720 CCERA  360    4  1420.400                
  1.92107753372591283e-05 -4.25080294923366620e-03  1.42366001290254656e-07
  2.89887757150505116e-11
0332+5434  21-Apr-25  120000.00   60786.50000000000            26.764100  0.000  0.000
        87438.429854    1.399541538720 CCERA  360    4  1420.400                
  3.42616945186587027e-06 -4.16497617828261689e-03  5.28363200011348920e-08
 -1.60423011573990773e-10
0332+5434  21-Apr-25  180000.00   60786.75000000000            26.764100  0.000  0.000
       117667.027329    1.399541538720 CCERA  360    4  1420.400                
 -1.88197474921037780e-05 -4.18391457433594464e-03 -7.51038598527667781e-08
 -2.74167029397301801e-11
0332+5434  22-Apr-25       0.00   60787.00000000000            26.764100  0.000  0.000
       147895.609569    1.399541538720 CCERA  360    4  1420.400                
 -3.22460376995421271e-06 -4.22074773351657686e-03  1.57339946187988263e-08
  1.60851237234550219e-10
