0332+5434  29-Mar-25       0.00   60763.00000000000            26.764100  0.000  0.000
      -101034.516188    1.399541538720 CCERA  360    4  1420.400                
 -1.05270314124368397e-05 -6.19710475720924511e-03 -3.77662240098299041e-08
  1.36628624865945842e-10
0332+5434  29-Mar-25   60000.00   60763.25000000000            26.764100  0.000  0.000
       -70806.384577    1.399541538720 CCERA  360    4  1420.400                
  1.58998950650115944e-05 -6.16514851787860335e-03  1.15584625526420576e-07
  8.86285777998541657e-11
0332+5434  29-Mar-25  120000.00   60763.50000000000            26.764100  0.000  0.000
       -40578.279320    1.399541538720 CCERA  360    4  1420.400                
  1.01326156131881633e-05 -6.07528762872335155e-03  8.25420214582408629e-08
 -1.37089574671410058e-10
0332+5434  29-Mar-25  180000.00   60763.75000000000            26.764100  0.000  0.000
       -10350.193143    1.399541538720 CCERA  360    4  1420.400                
 -1.68453054031247583e-05 -6.07494544370828712e-03 -7.02001256928616450e-08
 -8.71498483938262541e-11
0332+5434  30-Mar-25       0.00   60764.00000000000            26.764100  0.000  0.000
        19878.092394    1.399541538720 CCERA  360    4  1420.400                
 -9.90707287801860048e-06 -6.13150501516819893e-03 -3.55213019996322235e-08
  1.38136544087708696e-10
0332+5434  30-Mar-25   60000.00   60764.25000000000            26.764100  0.000  0.000
        50105.984723    1.399541538720 CCERA  360    4  1420.400                
  1.65090793725207704e-05 -6.09782516284630791e-03  1.17242466162509658e-07
  8.62565464914412152e-11
0332+5434  30-Mar-25  120000.00   60764.50000000000            26.764100  0.000  0.000
        80333.903796    1.399541538720 CCERA  360    4  1420.400                
  1.05098708929568125e-05 -6.00779048362231824e-03  8.15665163085966778e-08
 -1.38586593442503087e-10
0332+5434  30-Mar-25  180000.00   60764.75000000000            26.764100  0.000  0.000
       110561.841759    1.399541538720 CCERA  360    4  1420.400                
 -1.64643495856057199e-05 -6.00825292239066597e-03 -7.05765320224160060e-08
 -8.47751871358349447e-11
0332+5434  31-Mar-25       0.00   60765.00000000000            26.764100  0.000  0.000
       140789.765092    1.399541538720 CCERA  360    4  1420.400                
 -9.70918798546595375e-06 -6.06406683892708048e-03 -3.32809619227251841e-08
  1.39602302542000105e-10
