0332+5434  28-Mar-25       0.00   60762.00000000000            26.764100  0.000  0.000
      -101351.115506    1.399541538720 CCERA  360    4  1420.400                
 -1.11150678596658789e-05 -6.26081334756088768e-03 -4.00077934138487706e-08
  1.35078231301224263e-10
0332+5434  28-Mar-25   60000.00   60762.25000000000            26.764100  0.000  0.000
       -71124.960633    1.399541538720 CCERA  360    4  1420.400                
  1.64057448633803865e-05 -6.23059650728895100e-03  1.13882840625176797e-07
  9.09726654760855891e-11
0332+5434  28-Mar-25  120000.00   60762.50000000000            26.764100  0.000  0.000
       -40896.831715    1.399541538720 CCERA  360    4  1420.400                
  1.06423710425872858e-05 -6.14094368545690591e-03  8.34814986699627592e-08
 -1.35553612303149472e-10
0332+5434  28-Mar-25  180000.00   60762.75000000000            26.764100  0.000  0.000
       -10668.722058    1.399541538720 CCERA  360    4  1420.400                
 -1.62136600793057374e-05 -6.13980598852414353e-03 -6.98163627765525112e-08
 -8.95003757507487793e-11
0332+5434  29-Mar-25       0.00   60763.00000000000            26.764100  0.000  0.000
        19560.597889    1.399541538720 CCERA  360    4  1420.400                
 -1.01399622243784320e-05 -6.19710475720924511e-03 -3.77662240098299041e-08
  1.36628624865945842e-10
0332+5434  29-Mar-25   60000.00   60763.25000000000            26.764100  0.000  0.000
        49788.466278    1.399541538720 CCERA  360    4  1420.400                
  1.62869642530699750e-05 -6.16514851787860335e-03  1.15584625526420576e-07
  8.86285777998541657e-11
0332+5434  29-Mar-25  120000.00   60763.50000000000            26.764100  0.000  0.000
        80016.361021    1.399541538720 CCERA  360    4  1420.400                
  1.05196848012465438e-05 -6.07528762872335155e-03  8.25420214582408629e-08
 -1.37089574671410058e-10
0332+5434  29-Mar-25  180000.00   60763.75000000000            26.764100  0.000  0.000
       110244.274844    1.399541538720 CCERA  360    4  1420.400                
 -1.64582362150663913e-05 -6.07494544370828712e-03 -7.02001256928616450e-08
 -8.71498483938262541e-11
0332+5434  30-Mar-25       0.00   60764.00000000000            26.764100  0.000  0.000
       140472.174096    1.399541538720 CCERA  360    4  1420.400                
 -1.05200036899602307e-05 -6.13150501516819893e-03 -3.55213019996322235e-08
  1.38136544087708696e-10
