0332+5434  15-Mar-25       0.00   60749.00000000000            26.764100  0.000  0.000
      -105540.314239    1.399541538720 CCERA  360    4  1420.400                
 -1.38664249260237507e-05 -6.91628679383265565e-03 -6.71821445204395605e-08
  1.11436800718961290e-10
0332+5434  15-Mar-25   60000.00   60749.25000000000            26.764100  0.000  0.000
       -75313.919230    1.399541538720 CCERA  360    4  1420.400                
  1.30833319756024795e-05 -6.90884904477082236e-03  8.95026981916867659e-08
  1.18714857361624832e-10
0332+5434  15-Mar-25  120000.00   60749.50000000000            26.764100  0.000  0.000
       -45085.544474    1.399541538720 CCERA  360    4  1420.400                
  1.44787346271787446e-05 -6.82385676654183228e-03  9.39231781110267995e-08
 -1.12162516212278736e-10
0332+5434  15-Mar-25  180000.00   60749.75000000000            26.764100  0.000  0.000
       -14857.190954    1.399541538720 CCERA  360    4  1420.400                
 -1.39499990771940250e-05 -6.81210285543119940e-03 -6.24805264217176833e-08
 -1.17454478500602242e-10
0332+5434  16-Mar-25       0.00   60750.00000000000            26.764100  0.000  0.000
        15370.824209    1.399541538720 CCERA  360    4  1420.400                
 -1.36752716340411899e-05 -6.87704361958059712e-03 -6.52362633163155111e-08
  1.13468621910673634e-10
0332+5434  16-Mar-25   60000.00   60750.25000000000            26.764100  0.000  0.000
        45598.443641    1.399541538720 CCERA  360    4  1420.400                
  1.32796572955984744e-05 -6.86785628199976326e-03  9.15106530726992264e-08
  1.16774195245195280e-10
0332+5434  16-Mar-25  120000.00   60750.50000000000            26.764100  0.000  0.000
        75826.083794    1.399541538720 CCERA  360    4  1420.400                
  1.33601197031443295e-05 -6.78238189351039987e-03  9.32374745213470207e-08
 -1.14177409060311946e-10
0332+5434  16-Mar-25  180000.00   60750.75000000000            26.764100  0.000  0.000
       106053.745054    1.399541538720 CCERA  360    4  1420.400                
 -1.33010318471973445e-05 -6.77146186391996020e-03 -6.32048794425155685e-08
 -1.15496174695850223e-10
0332+5434  17-Mar-25       0.00   60751.00000000000            26.764100  0.000  0.000
       136281.392957    1.399541538720 CCERA  360    4  1420.400                
 -1.36715927931958121e-05 -6.83595749957571081e-03 -6.32662800602595274e-08
  1.15467096797480867e-10
