0332+5434  13-Feb-25       0.00   60719.00000000000            26.764100  0.000  0.000
      -115127.197997    1.399541538720 CCERA  360    4  1420.400                
 -1.91915488063994474e-05 -7.14509288415723833e-03 -1.15486926446748447e-07
  3.81960232076901557e-11
0332+5434  13-Feb-25   60000.00   60719.25000000000            26.764100  0.000  0.000
       -84900.711750    1.399541538720 CCERA  360    4  1420.400                
  4.76840907128110433e-06 -7.18992616302282020e-03  1.83812571705843724e-08
  1.58454122767640870e-10
0332+5434  13-Feb-25  120000.00   60719.50000000000            26.764100  0.000  0.000
       -54672.229248    1.399541538720 CCERA  360    4  1420.400                
  1.90060090269463087e-05 -7.13124858717293156e-03  9.95172078235918268e-08
 -3.92409196690853874e-11
0332+5434  13-Feb-25  180000.00   60719.75000000000            26.764100  0.000  0.000
       -24445.768376    1.399541538720 CCERA  360    4  1420.400                
 -4.91504634343810284e-06 -7.09818063651683050e-03 -3.47049791120918424e-08
 -1.57797824348058575e-10
0332+5434  14-Feb-25       0.00   60720.00000000000            26.764100  0.000  0.000
         5783.299564    1.399541538720 CCERA  360    4  1420.400                
 -1.90559086827091791e-05 -7.16815538924422003e-03 -1.14341805113089910e-07
  4.09175233324826922e-11
0332+5434  14-Feb-25   60000.00   60720.25000000000            26.764100  0.000  0.000
        36010.805270    1.399541538720 CCERA  360    4  1420.400                
  5.27142765008627049e-06 -7.21138589066656639e-03  2.09104445481517396e-08
  1.57765583894045426e-10
0332+5434  14-Feb-25  120000.00   60720.50000000000            26.764100  0.000  0.000
        66238.315305    1.399541538720 CCERA  360    4  1420.400                
  1.92102722729086265e-05 -7.15155514674239035e-03  9.97293631770997256e-08
 -4.19543823779470266e-11
0332+5434  14-Feb-25  180000.00   60720.75000000000            26.764100  0.000  0.000
        96465.847044    1.399541538720 CCERA  360    4  1420.400                
 -5.37748589511185573e-06 -7.11910618113658928e-03 -3.58546856668631644e-08
 -1.57083718241061320e-10
0332+5434  15-Feb-25       0.00   60721.00000000000            26.764100  0.000  0.000
       126693.370616    1.399541538720 CCERA  360    4  1420.400                
 -1.91147699570111636e-05 -7.18923336918477623e-03 -1.13160311637309527e-07
  4.36272505997267055e-11
