0332+5434  03-Feb-25       0.00   60709.00000000000            26.764100  0.000  0.000
      -118357.113220    1.399541538720 CCERA  360    4  1420.400                
 -1.97809299126435518e-05 -6.80441081020420873e-03 -1.25403471148113706e-07
  1.05229723981915664e-11
0332+5434  03-Feb-25   60000.00   60709.25000000000            26.764100  0.000  0.000
       -88130.747207    1.399541538720 CCERA  360    4  1420.400                
  1.79499500650718645e-06 -6.86473968218758151e-03 -7.45036876549679182e-09
  1.62762862000912302e-10
0332+5434  03-Feb-25  120000.00   60709.50000000000            26.764100  0.000  0.000
       -57902.378973    1.399541538720 CCERA  360    4  1420.400                
  1.95945410769926173e-05 -6.81874150149327195e-03  9.54567873325261437e-08
 -1.15720642222624428e-11
0332+5434  03-Feb-25  180000.00   60709.75000000000            26.764100  0.000  0.000
       -27674.031200    1.399541538720 CCERA  360    4  1420.400                
 -1.49272610925721264e-06 -6.78027970830806428e-03 -2.30029600488010172e-08
 -1.62313195929431868e-10
0332+5434  04-Feb-25       0.00   60710.00000000000            26.764100  0.000  0.000
         2553.677792    1.399541538720 CCERA  360    4  1420.400                
 -1.91590795240809890e-05 -6.84780792837478072e-03 -1.24513586087315471e-07
  1.33173251188828348e-11
0332+5434  04-Feb-25   60000.00   60710.25000000000            26.764100  0.000  0.000
        32781.296389    1.399541538720 CCERA  360    4  1420.400                
  1.67132829398865053e-06 -6.90661665611140650e-03 -4.80439075017538217e-09
  1.62546474136349755e-10
0332+5434  04-Feb-25  120000.00   60710.50000000000            26.764100  0.000  0.000
        63008.913376    1.399541538720 CCERA  360    4  1420.400                
  1.92558781884588740e-05 -6.85923995136623454e-03  9.60514107960813836e-08
 -1.43690203765215651e-11
0332+5434  04-Feb-25  180000.00   60710.75000000000            26.764100  0.000  0.000
        93236.550984    1.399541538720 CCERA  360    4  1420.400                
 -1.91012459642614143e-06 -6.82122669880229782e-03 -2.41517755515359327e-08
 -1.62077569793296926e-10
0332+5434  05-Feb-25       0.00   60711.00000000000            26.764100  0.000  0.000
       123464.182733    1.399541538720 CCERA  360    4  1420.400                
 -1.91784860177725345e-05 -6.88904983543510690e-03 -1.23601363069623954e-07
  1.61071939393887886e-11
