0332+5434  05-Jan-25       0.00   60680.00000000000            26.764100  0.000  0.000
        -7109.028539    1.399541538720 CCERA  360    4  1420.400                
 -1.76104062857849351e-05 -4.71978107496314435e-03 -1.33074691064015848e-07
 -6.86090639438895848e-11
0332+5434  05-Jan-25   60000.00   60680.25000000000            26.764100  0.000  0.000
        23119.408426    1.399541538720 CCERA  360    4  1420.400                
 -7.76523553925409216e-06 -4.81390198459771216e-03 -7.89207363376905734e-08
  1.48185915966841924e-10
0332+5434  05-Jan-25  120000.00   60680.50000000000            26.764100  0.000  0.000
        53347.769651    1.399541538720 CCERA  360    4  1420.400                
  1.78838087897407551e-05 -4.81122258456207624e-03  6.79788014066175796e-08
  6.75875571263103126e-11
0332+5434  05-Jan-25  180000.00   60680.75000000000            26.764100  0.000  0.000
        83576.144589    1.399541538720 CCERA  360    4  1420.400                
  7.48030632789843933e-06 -4.76438399077297025e-03  1.28352450986902712e-08
 -1.48513031543594055e-10
0332+5434  06-Jan-25       0.00   60681.00000000000            26.764100  0.000  0.000
       113804.521093    1.399541538720 CCERA  360    4  1420.400                
 -1.81529106298463043e-05 -4.81452790340981297e-03 -1.33315022602276372e-07
 -6.60552204343387063e-11
