0332+5434  16-Feb-25       0.00   60722.00000000000            26.764100  0.000  0.000
      -114180.560559    1.399541538720 CCERA  360    4  1420.400                
 -1.90731165458801669e-05 -7.20831108074851054e-03 -1.11941374414849384e-07
  4.63243555586002196e-11
0332+5434  16-Feb-25   60000.00   60722.25000000000            26.764100  0.000  0.000
       -83952.052331    1.399541538720 CCERA  360    4  1420.400                
  5.82171224658718214e-06 -7.24829123442810239e-03  2.59596458872818236e-08
  1.56249529812768990e-10
0332+5434  16-Feb-25  120000.00   60722.50000000000            26.764100  0.000  0.000
       -53725.549599    1.399541538720 CCERA  360    4  1420.400                
  1.86116134103575072e-05 -7.18619994175576267e-03  1.00076226737945852e-07
 -4.73425547336385205e-11
0332+5434  16-Feb-25  180000.00   60722.75000000000            26.764100  0.000  0.000
       -23497.068701    1.399541538720 CCERA  360    4  1420.400                
 -6.23028918437378042e-06 -7.15500923439462040e-03 -3.81099503714886386e-08
 -1.55515564031578002e-10
0332+5434  17-Feb-25       0.00   60723.00000000000            26.764100  0.000  0.000
         6730.579193    1.399541538720 CCERA  360    4  1420.400                
 -1.86685999169067687e-05 -7.22537009206921255e-03 -1.10684495656439069e-07
  4.90079095467884364e-11
0332+5434  17-Feb-25   60000.00   60723.25000000000            26.764100  0.000  0.000
        36958.065091    1.399541538720 CCERA  360    4  1420.400                
  5.86164023481705049e-06 -7.26370207733222431e-03  2.84801897034938920e-08
  1.55422345808360775e-10
0332+5434  17-Feb-25  120000.00   60723.50000000000            26.764100  0.000  0.000
        67185.557067    1.399541538720 CCERA  360    4  1420.400                
  1.84204417573145156e-05 -7.20050269399427709e-03  1.00212621998421717e-07
 -5.00158160043354997e-11
0332+5434  17-Feb-25  180000.00   60723.75000000000            26.764100  0.000  0.000
        97413.070934    1.399541538720 CCERA  360    4  1420.400                
 -5.96232329375615158e-06 -7.16994966653648411e-03 -3.92132471542175660e-08
 -1.54662147769716961e-10
0332+5434  18-Feb-25       0.00   60724.00000000000            26.764100  0.000  0.000
       127640.575977    1.399541538720 CCERA  360    4  1420.400                
 -1.89153618417557645e-05 -7.24039061565108846e-03 -1.09389506390791842e-07
  5.16769916273940550e-11
