0332+5434  31-Mar-25       0.00   60765.00000000000            26.764100  0.000  0.000
      -100387.451935    1.399541538720 CCERA  360    4  1420.400                
 -9.96413440357250490e-06 -6.06406683892708048e-03 -3.32809619227251841e-08
  1.39602302542000105e-10
0332+5434  31-Mar-25   60000.00   60765.25000000000            26.764100  0.000  0.000
       -70159.368863    1.399541538720 CCERA  360    4  1420.400                
  1.65259766100781247e-05 -6.02868476661005959e-03  1.18849005521880530e-07
  8.38576570769081189e-11
0332+5434  31-Mar-25  120000.00   60765.50000000000            26.764100  0.000  0.000
       -39931.312913    1.399541538720 CCERA  360    4  1420.400                
  1.01728032623026411e-05 -5.93851538824672481e-03  8.05489353491054279e-08
 -1.40043767180076675e-10
0332+5434  31-Mar-25  180000.00   60765.75000000000            26.764100  0.000  0.000
        -9703.275653    1.399541538720 CCERA  360    4  1420.400                
 -1.71492656244874642e-05 -5.93979565351408691e-03 -7.09511391623598039e-08
 -8.23764372834706299e-11
0332+5434  01-Apr-25       0.00   60766.00000000000            26.764100  0.000  0.000
        20525.223703    1.399541538720 CCERA  360    4  1420.400                
 -9.55276148127190580e-06 -5.99486149912983185e-03 -3.10508213911957780e-08
  1.41025841611822537e-10
0332+5434  01-Apr-25   60000.00   60766.25000000000            26.764100  0.000  0.000
        50753.165863    1.399541538720 CCERA  360    4  1420.400                
  1.67354151664099699e-05 -5.95780238084388323e-03  1.20399626650512343e-07
  8.14334837189595756e-11
0332+5434  01-Apr-25  120000.00   60766.50000000000            26.764100  0.000  0.000
        80981.135510    1.399541538720 CCERA  360    4  1420.400                
  9.36260460714079406e-06 -5.86754010663944302e-03  7.94862979764033001e-08
 -1.41459913135750255e-10
0332+5434  01-Apr-25  180000.00   60766.75000000000            26.764100  0.000  0.000
       111209.123634    1.399541538720 CCERA  360    4  1420.400                
 -1.69939152911386217e-05 -5.86965320759645637e-03 -7.13262278926397976e-08
 -7.99534396929087204e-11
0332+5434  02-Apr-25       0.00   60767.00000000000            26.764100  0.000  0.000
       141437.097009    1.399541538720 CCERA  360    4  1420.400                
 -9.46863324520717289e-06 -5.92397018241922878e-03 -2.88330144156786018e-08
  1.42407751170382536e-10
