0332+5434  28-Jan-25       0.00   60703.00000000000            26.764100  0.000  0.000
          305.321571    1.399541538720 CCERA  360    4  1420.400                
 -1.93795908850980684e-05 -6.49830911199366160e-03 -1.30025150863891884e-07
 -6.30217926016308884e-12
0332+5434  28-Jan-25   60000.00   60703.25000000000            26.764100  0.000  0.000
        30533.064441    1.399541538720 CCERA  360    4  1420.400                
 -5.47261888800169114e-07 -6.56742777429729276e-03 -2.33466550469651709e-08
  1.63027061492449784e-10
0332+5434  28-Jan-25  120000.00   60703.50000000000            26.764100  0.000  0.000
        60760.801412    1.399541538720 CCERA  360    4  1420.400                
  1.91058298159216798e-05 -6.53004804069985331e-03  9.11856459522767672e-08
  5.23153789870795937e-12
0332+5434  28-Jan-25  180000.00   60703.75000000000            26.764100  0.000  0.000
        90988.557727    1.399541538720 CCERA  360    4  1420.400                
  6.22850771628054429e-07 -6.48923070657389349e-03 -1.61185010235789720e-08
 -1.62737955359727007e-10
0332+5434  29-Jan-25       0.00   60704.00000000000            26.764100  0.000  0.000
       121216.309750    1.399541538720 CCERA  360    4  1420.400                
 -1.97676149369373176e-05 -6.55468157006377800e-03 -1.29365803840574184e-07
 -3.49554025086328576e-12
