0332+5434  07-Apr-25       0.00   60772.00000000000            26.764100  0.000  0.000
       -98135.734164    1.399541538720 CCERA  360    4  1420.400                
 -7.77161718402735061e-06 -5.54675312666592056e-03 -1.78508045821684570e-08
  1.48689544937670643e-10
0332+5434  07-Apr-25   60000.00   60772.25000000000            26.764100  0.000  0.000
       -67907.839484    1.399541538720 CCERA  360    4  1420.400                
  1.74058149007091103e-05 -5.50012660890151009e-03  1.28603319772950277e-07
  6.64214282341356685e-11
0332+5434  07-Apr-25  120000.00   60772.50000000000            26.764100  0.000  0.000
       -37679.974216    1.399541538720 CCERA  360    4  1420.400                
  7.61119913120335185e-06 -5.41010506766913691e-03  7.23073165941046294e-08
 -1.49047993003793130e-10
0332+5434  07-Apr-25  180000.00   60772.75000000000            26.764100  0.000  0.000
        -7450.125960    1.399541538720 CCERA  360    4  1420.400                
 -1.77610906311968577e-05 -5.41741811880380904e-03 -7.34332285072436023e-08
 -6.49275016847871448e-11
0332+5434  08-Apr-25       0.00   60773.00000000000            26.764100  0.000  0.000
        22778.262607    1.399541538720 CCERA  360    4  1420.400                
 -8.07135266895338149e-06 -5.46712418768904342e-03 -1.56552407157626007e-08
  1.49817539472777522e-10
0332+5434  08-Apr-25   60000.00   60773.25000000000            26.764100  0.000  0.000
        53006.396891    1.399541538720 CCERA  360    4  1420.400                
  1.82317880660505460e-05 -5.41896696035050474e-03  1.29815578214804836e-07
  6.38486233553210329e-11
0332+5434  08-Apr-25  120000.00   60773.50000000000            26.764100  0.000  0.000
        83234.560874    1.399541538720 CCERA  360    4  1420.400                
  7.03590608981973923e-06 -5.32909534727465072e-03  7.10122519674007344e-08
 -1.50158051274857016e-10
0332+5434  08-Apr-25  180000.00   60773.75000000000            26.764100  0.000  0.000
       113462.741600    1.399541538720 CCERA  360    4  1420.400                
 -1.79620116518471559e-05 -5.33728358690066865e-03 -7.37279076079079398e-08
 -6.23492034264149228e-11
0332+5434  09-Apr-25       0.00   60774.00000000000            26.764100  0.000  0.000
       143690.907181    1.399541538720 CCERA  360    4  1420.400                
 -7.12297141563321176e-06 -5.38618112705160478e-03 -1.34554865903255834e-08
  1.50901451469418207e-10
