0332+5434  27-Feb-25       0.00   60733.00000000000            26.764100  0.000  0.000
      -110660.736505    1.399541538720 CCERA  360    4  1420.400                
 -1.75765122321045100e-05 -7.28007494002096914e-03 -9.59777808348300317e-08
  7.49247136883174716e-11
0332+5434  27-Feb-25   60000.00   60733.25000000000            26.764100  0.000  0.000
       -80432.205581    1.399541538720 CCERA  360    4  1420.400                
  8.76132544390215653e-06 -7.30109066744916591e-03  5.35110278411950511e-08
  1.44675208887692323e-10
0332+5434  27-Feb-25  120000.00   60733.50000000000            26.764100  0.000  0.000
       -50205.686542    1.399541538720 CCERA  360    4  1420.400                
  1.70396369842701847e-05 -7.22759169086865851e-03  1.00362312056176975e-07
 -7.57977131090893844e-11
0332+5434  27-Feb-25  180000.00   60733.75000000000            26.764100  0.000  0.000
       -19977.189719    1.399541538720 CCERA  360    4  1420.400                
 -8.65327273135496450e-06 -7.20357537821457363e-03 -4.91278514009320577e-08
 -1.43650983323514520e-10
0332+5434  28-Feb-25       0.00   60734.00000000000            26.764100  0.000  0.000
        10250.682181    1.399541538720 CCERA  360    4  1420.400                
 -1.71976057534312053e-05 -7.27335870089831048e-03 -9.42909808316737656e-08
  7.74059647496312190e-11
0332+5434  28-Feb-25   60000.00   60734.25000000000            26.764100  0.000  0.000
        40478.153982    1.399541538720 CCERA  360    4  1420.400                
  9.40673583715648378e-06 -7.29256275487556033e-03  5.59901850317287191e-08
  1.43357744619669560e-10
0332+5434  28-Feb-25  120000.00   60734.50000000000            26.764100  0.000  0.000
        70705.638246    1.399541538720 CCERA  360    4  1420.400                
  1.67652723440728642e-05 -7.21811245575834995e-03  1.00263048366617649e-07
 -7.82665831612754073e-11
0332+5434  28-Feb-25  180000.00   60734.75000000000            26.764100  0.000  0.000
       100933.144735    1.399541538720 CCERA  360    4  1420.400                
 -9.27203875651434201e-06 -7.19475732803871726e-03 -4.99966696868717469e-08
 -1.42312172898160862e-10
0332+5434  01-Mar-25       0.00   60735.00000000000            26.764100  0.000  0.000
       131160.640348    1.399541538720 CCERA  360    4  1420.400                
 -1.68905956618417398e-05 -7.26432746829972723e-03 -9.25749781450218804e-08
  7.98627005599115811e-11
