0332+5434  08-Feb-25       0.00   60714.00000000000            26.764100  0.000  0.000
      -116749.072921    1.399541538720 CCERA  360    4  1420.400                
 -1.90710197225855888e-05 -7.00017446924698899e-03 -1.20741205111445777e-07
  2.44449186683655608e-11
0332+5434  08-Feb-25   60000.00   60714.25000000000            26.764100  0.000  0.000
       -86522.637613    1.399541538720 CCERA  360    4  1420.400                
  2.74485670832138489e-06 -7.05284394239274245e-03  5.63119050436184871e-09
  1.61199286912465685e-10
0332+5434  08-Feb-25  120000.00   60714.50000000000            26.764100  0.000  0.000
       -56294.203106    1.399541538720 CCERA  360    4  1420.400                
  1.93112720371427498e-05 -7.00020918163272911e-03  9.79883713576960839e-08
 -2.55064637556107500e-11
0332+5434  08-Feb-25  180000.00   60714.75000000000            26.764100  0.000  0.000
       -26067.789759    1.399541538720 CCERA  360    4  1420.400                
 -3.01548651936211260e-06 -6.96421335348070252e-03 -2.88278949438228341e-08
 -1.60655755664990996e-10
0332+5434  09-Feb-25       0.00   60715.00000000000            26.764100  0.000  0.000
         4161.369634    1.399541538720 CCERA  360    4  1420.400                
 -1.89011721357173833e-05 -7.03312657692908242e-03 -1.19744660154393727e-07
  2.72115036206994785e-11
0332+5434  09-Feb-25   60000.00   60715.25000000000            26.764100  0.000  0.000
        34388.922705    1.399541538720 CCERA  360    4  1420.400                
  2.82875015300610440e-06 -7.08424718099328124e-03  8.20207465157188410e-09
  1.60743767123000350e-10
0332+5434  09-Feb-25  120000.00   60715.50000000000            26.764100  0.000  0.000
        64616.477170    1.399541538720 CCERA  360    4  1420.400                
  1.91457461276156554e-05 -7.03036131104972130e-03  9.83656239659738475e-08
 -2.82730066819503797e-11
0332+5434  09-Feb-25  180000.00   60715.75000000000            26.764100  0.000  0.000
        94844.052905    1.399541538720 CCERA  360    4  1420.400                
 -3.26874499076382136e-06 -6.99492151939397778e-03 -3.00101231713691829e-08
 -1.60180018689483766e-10
0332+5434  10-Feb-25       0.00   60716.00000000000            26.764100  0.000  0.000
       125071.621629    1.399541538720 CCERA  360    4  1420.400                
 -1.92408527809570448e-05 -7.06408026312548096e-03 -1.18723560092515880e-07
  2.99706813804055519e-11
