0332+5434  21-Feb-25       0.00   60727.00000000000            26.764100  0.000  0.000
      -112568.457186    1.399541538720 CCERA  360    4  1420.400                
 -1.84024681580080480e-05 -7.27301526740539717e-03 -1.05275935599030381e-07
  5.95899793000910889e-11
0332+5434  21-Feb-25   60000.00   60727.25000000000            26.764100  0.000  0.000
       -82341.927035    1.399541538720 CCERA  360    4  1420.400                
  7.17744286518906797e-06 -7.30460444880971175e-03  3.85289975525299043e-08
  1.51657219316267751e-10
0332+5434  21-Feb-25  120000.00   60727.50000000000            26.764100  0.000  0.000
       -52113.405289    1.399541538720 CCERA  360    4  1420.400                
  1.77756136773707828e-05 -7.23712051171436239e-03  1.00520930514192834e-07
 -6.05516517488137703e-11
0332+5434  21-Feb-25  180000.00   60727.75000000000            26.764100  0.000  0.000
       -21886.905614    1.399541538720 CCERA  360    4  1420.400                
 -7.18660557601531673e-06 -7.20916334787945721e-03 -4.34463063984369686e-08
 -1.50792271451059316e-10
0332+5434  22-Feb-25       0.00   60728.00000000000            26.764100  0.000  0.000
         8342.396295    1.399541538720 CCERA  360    4  1420.400                
 -1.81368777803787485e-05 -7.27967178089474354e-03 -1.03827691236236760e-07
  6.21938442450492351e-11
0332+5434  22-Feb-25   60000.00   60728.25000000000            26.764100  0.000  0.000
        38569.864033    1.399541538720 CCERA  360    4  1420.400                
  7.34718178799561083e-06 -7.30953808074882513e-03  4.10322333370287762e-08
  1.50603516317372285e-10
0332+5434  22-Feb-25  120000.00   60728.50000000000            26.764100  0.000  0.000
        68797.340756    1.399541538720 CCERA  360    4  1420.400                
  1.76546137267988744e-05 -7.24101921461956562e-03  1.00541944037606618e-07
 -6.31422024377876455e-11
0332+5434  22-Feb-25  180000.00   60728.75000000000            26.764100  0.000  0.000
        99024.839584    1.399541538720 CCERA  360    4  1420.400                
 -7.78966901164574368e-06 -7.21371879425246072e-03 -4.44542642506998159e-08
 -1.49711981070071522e-10
0332+5434  23-Feb-25       0.00   60729.00000000000            26.764100  0.000  0.000
       129252.328574    1.399541538720 CCERA  360    4  1420.400                
 -1.76908185950910127e-05 -7.28417804166554828e-03 -1.02339739155253908e-07
  6.47795925128475387e-11
