0332+5434  19-Feb-25       0.00   60725.00000000000            26.764100  0.000  0.000
      -113232.788944    1.399541538720 CCERA  360    4  1420.400                
 -1.85297206890053251e-05 -7.25335229573369298e-03 -1.08056454198770526e-07
  5.43308823126353423e-11
0332+5434  19-Feb-25   60000.00   60725.25000000000            26.764100  0.000  0.000
       -83004.265313    1.399541538720 CCERA  360    4  1420.400                
  6.25752805724293693e-06 -7.28834252276717304e-03  3.35118891409025050e-08
  1.53630391201405674e-10
0332+5434  19-Feb-25  120000.00   60725.50000000000            26.764100  0.000  0.000
       -52777.748924    1.399541538720 CCERA  360    4  1420.400                
  1.80945539622764750e-05 -7.22297131227348736e-03  1.00413356846737936e-07
 -5.53168332394048521e-11
0332+5434  19-Feb-25  180000.00   60725.75000000000            26.764100  0.000  0.000
       -22549.254526    1.399541538720 CCERA  360    4  1420.400                
 -6.65887916667163013e-06 -7.19370828359972795e-03 -4.13674778865290271e-08
 -1.52818004956914153e-10
0332+5434  20-Feb-25       0.00   60726.00000000000            26.764100  0.000  0.000
         7678.750885    1.399541538720 CCERA  360    4  1420.400                
 -1.85813517445796068e-05 -7.26423436960331459e-03 -1.06685335330826521e-07
  5.69687765393099099e-11
0332+5434  20-Feb-25   60000.00   60726.25000000000            26.764100  0.000  0.000
        37906.223614    1.399541538720 CCERA  360    4  1420.400                
  6.56684809930111476e-06 -7.29753145266019611e-03  3.60223213144984195e-08
  1.52666339283744031e-10
0332+5434  20-Feb-25  120000.00   60726.50000000000            26.764100  0.000  0.000
        68133.704166    1.399541538720 CCERA  360    4  1420.400                
  1.85092895197568982e-05 -7.23109657292953997e-03  1.00478446886547310e-07
 -5.79428915468507742e-11
0332+5434  20-Feb-25  180000.00   60726.75000000000            26.764100  0.000  0.000
        98361.206753    1.399541538720 CCERA  360    4  1420.400                
 -7.29353414094770651e-06 -7.20248485635281710e-03 -4.24168660480017134e-08
 -1.51827810871953931e-10
0332+5434  21-Feb-25       0.00   60727.00000000000            26.764100  0.000  0.000
       128588.699893    1.399541538720 CCERA  360    4  1420.400                
 -1.85297124964012558e-05 -7.27301526740539717e-03 -1.05275935599030381e-07
  5.95899793000910889e-11
