0332+5434  22-Feb-25       0.00   60728.00000000000            26.764100  0.000  0.000
      -112269.263836    1.399541538720 CCERA  360    4  1420.400                
 -1.75438439599880474e-05 -7.27967178089474354e-03 -1.03827691236236760e-07
  6.21938442450492351e-11
0332+5434  22-Feb-25   60000.00   60728.25000000000            26.764100  0.000  0.000
       -82042.731574    1.399541538720 CCERA  360    4  1420.400                
  7.94021560838628481e-06 -7.30953808074882513e-03  4.10322333370287762e-08
  1.50603516317372285e-10
0332+5434  22-Feb-25  120000.00   60728.50000000000            26.764100  0.000  0.000
       -51814.208297    1.399541538720 CCERA  360    4  1420.400                
  1.82476475471895755e-05 -7.24101921461956562e-03  1.00541944037606618e-07
 -6.31422024377876455e-11
0332+5434  22-Feb-25  180000.00   60728.75000000000            26.764100  0.000  0.000
       -21587.707125    1.399541538720 CCERA  360    4  1420.400                
 -7.19663519125501549e-06 -7.21371879425246072e-03 -4.44542642506998159e-08
 -1.49711981070071522e-10
0332+5434  23-Feb-25       0.00   60729.00000000000            26.764100  0.000  0.000
         8641.196116    1.399541538720 CCERA  360    4  1420.400                
 -1.80977847747003224e-05 -7.28417804166554828e-03 -1.02339739155253908e-07
  6.47795925128475387e-11
0332+5434  23-Feb-25   60000.00   60729.25000000000            26.764100  0.000  0.000
        38868.662520    1.399541538720 CCERA  360    4  1420.400                
  8.16234416306987003e-06 -7.31230602312146760e-03  4.35326674637075317e-08
  1.49505467199782584e-10
0332+5434  23-Feb-25  120000.00   60729.50000000000            26.764100  0.000  0.000
        69096.138490    1.399541538720 CCERA  360    4  1420.400                
  1.78172871021322825e-05 -7.24276565885809652e-03  1.00542894251765457e-07
 -6.57136554994526443e-11
0332+5434  23-Feb-25  180000.00   60729.75000000000            26.764100  0.000  0.000
        99323.636594    1.399541538720 CCERA  360    4  1420.400                
 -7.48826672674679226e-06 -7.21612294174259466e-03 -4.54389668284666698e-08
 -1.48586867394320444e-10
0332+5434  24-Feb-25       0.00   60730.00000000000            26.764100  0.000  0.000
       129551.124674    1.399541538720 CCERA  360    4  1420.400                
 -1.81981042145957891e-05 -7.28650474916847559e-03 -1.00811021438424173e-07
  6.73465579393825590e-11
