0332+5434  22-Jan-25       0.00   60697.00000000000            26.764100  0.000  0.000
        -1623.782040    1.399541538720 CCERA  360    4  1420.400                
 -1.95855028328955400e-05 -6.11905345956954925e-03 -1.32922513408232279e-07
 -2.30700287169832794e-11
0332+5434  22-Jan-25   60000.00   60697.25000000000            26.764100  0.000  0.000
        28605.660330    1.399541538720 CCERA  360    4  1420.400                
 -2.24866386404143596e-06 -6.19598523629321350e-03 -3.86659131182503711e-08
  1.61543859215418540e-10
0332+5434  22-Jan-25  120000.00   60697.50000000000            26.764100  0.000  0.000
        58833.529192    1.399541538720 CCERA  360    4  1420.400                
  1.94024082724502186e-05 -6.16739021734243834e-03  8.62582961332131419e-08
  2.19655039772815317e-11
0332+5434  22-Jan-25  180000.00   60697.75000000000            26.764100  0.000  0.000
        89061.416158    1.399541538720 CCERA  360    4  1420.400                
  2.63359079737997521e-06 -6.12443107980463908e-03 -8.76405250299509373e-09
 -1.61445976367378258e-10
0332+5434  23-Jan-25       0.00   60698.00000000000            26.764100  0.000  0.000
       119289.300296    1.399541538720 CCERA  360    4  1420.400                
 -1.93418875662551080e-05 -6.18689926434288009e-03 -1.32560232860815111e-07
 -2.02883487424559547e-11
