0332+5434  28-Feb-25       0.00   60734.00000000000            26.764100  0.000  0.000
      -110334.515053    1.399541538720 CCERA  360    4  1420.400                
 -1.73916128446553706e-05 -7.27335870089831048e-03 -9.42909808316737656e-08
  7.74059647496312190e-11
0332+5434  28-Feb-25   60000.00   60734.25000000000            26.764100  0.000  0.000
       -80107.986854    1.399541538720 CCERA  360    4  1420.400                
  9.21272874593231846e-06 -7.29256275487556033e-03  5.59901850317287191e-08
  1.43357744619669560e-10
0332+5434  28-Feb-25  120000.00   60734.50000000000            26.764100  0.000  0.000
       -49879.471118    1.399541538720 CCERA  360    4  1420.400                
  1.65712652528486989e-05 -7.21811245575834995e-03  1.00263048366617649e-07
 -7.82665831612754073e-11
0332+5434  28-Feb-25  180000.00   60734.75000000000            26.764100  0.000  0.000
       -19652.977607    1.399541538720 CCERA  360    4  1420.400                
 -9.46604584773854799e-06 -7.19475732803871726e-03 -4.99966696868717469e-08
 -1.42312172898160862e-10
0332+5434  01-Mar-25       0.00   60735.00000000000            26.764100  0.000  0.000
        10576.473220    1.399541538720 CCERA  360    4  1420.400                
 -1.70846027530659322e-05 -7.26432746829972723e-03 -9.25749781450218804e-08
  7.98627005599115811e-11
0332+5434  01-Mar-25   60000.00   60735.25000000000            26.764100  0.000  0.000
        40803.948582    1.399541538720 CCERA  360    4  1420.400                
  9.35229269284318612e-06 -7.28171382687393606e-03  5.84524095550777245e-08
  1.41996447966328908e-10
0332+5434  01-Mar-25  120000.00   60735.50000000000            26.764100  0.000  0.000
        71031.436980    1.399541538720 CCERA  360    4  1420.400                
  1.65800191769530694e-05 -7.20633510977818168e-03  1.00132018258695799e-07
 -8.07140290549503749e-11
0332+5434  01-Mar-25  180000.00   60735.75000000000            26.764100  0.000  0.000
       101258.947606    1.399541538720 CCERA  360    4  1420.400                
 -1.01230562778117661e-05 -7.18365022941168559e-03 -5.08545735872453622e-08
 -1.40932903411921573e-10
0332+5434  02-Mar-25       0.00   60736.00000000000            26.764100  0.000  0.000
       131486.447197    1.399541538720 CCERA  360    4  1420.400                
 -1.69310674663436463e-05 -7.25299004520030179e-03 -9.08372555359445397e-08
  8.22942575261599743e-11
