0332+5434  24-Mar-25       0.00   60758.00000000000            26.764100  0.000  0.000
      -102648.705770    1.399541538720 CCERA  360    4  1420.400                
 -1.24034621746089152e-05 -6.49640428415272468e-03 -4.88025200987028993e-08
  1.28471211394645626e-10
0332+5434  24-Mar-25   60000.00   60758.25000000000            26.764100  0.000  0.000
       -72420.464782    1.399541538720 CCERA  360    4  1420.400                
  1.52498959984891848e-05 -6.47320013559938429e-03  1.06777951289281471e-07
  1.00060552045405440e-10
0332+5434  24-Mar-25  120000.00   60758.50000000000            26.764100  0.000  0.000
       -42192.248080    1.399541538720 CCERA  360    4  1420.400                
  1.15716613791270849e-05 -6.38462453159909394e-03  8.70098776181426486e-08
 -1.29026951629762479e-10
0332+5434  24-Mar-25  180000.00   60758.75000000000            26.764100  0.000  0.000
       -11964.051313    1.399541538720 CCERA  360    4  1420.400                
 -1.49655397902508681e-05 -6.38030135062410755e-03 -6.80708467637158071e-08
 -9.86450440633149230e-11
0332+5434  25-Mar-25       0.00   60759.00000000000            26.764100  0.000  0.000
        18263.840317    1.399541538720 CCERA  360    4  1420.400                
 -1.15609779636420083e-05 -6.44038722278583459e-03 -4.66382707983688701e-08
  1.30181892510301798e-10
0332+5434  25-Mar-25   60000.00   60759.25000000000            26.764100  0.000  0.000
        48491.619820    1.399541538720 CCERA  360    4  1420.400                
  1.54011163852821122e-05 -6.41542838777087523e-03  1.08589301421455153e-07
  9.78321305512440572e-11
0332+5434  25-Mar-25  120000.00   60759.50000000000            26.764100  0.000  0.000
        78719.424033    1.399541538720 CCERA  360    4  1420.400                
  1.13517311536454661e-05 -6.32655339177464610e-03  8.61531752277755009e-08
 -1.30716048337654721e-10
0332+5434  25-Mar-25  180000.00   60759.75000000000            26.764100  0.000  0.000
       108947.248019    1.399541538720 CCERA  360    4  1420.400                
 -1.61579689423083949e-05 -6.32303389882406947e-03 -6.85491644676877594e-08
 -9.63998216987742428e-11
0332+5434  26-Mar-25       0.00   60760.00000000000            26.764100  0.000  0.000
       139175.057694    1.399541538720 CCERA  360    4  1420.400                
 -1.10359125254625487e-05 -6.38245687857254360e-03 -4.44493298382558848e-08
  1.31853899973418181e-10
