2022+2854  13-Nov-24       0.00   60627.00000000000            24.630000  0.000  0.000
      -125648.298898    2.912037613413 CCERA  360    4  1420.400                
 -5.24531869179682529e-05 -1.30170945839557517e-02 -2.95383382987614875e-07
  2.61627393683422561e-10
2022+2854  13-Nov-24   60000.00   60627.25000000000            24.630000  0.000  0.000
       -62753.603890    2.912037613413 CCERA  360    4  1420.400                
  3.14762402204555962e-05 -1.30723738729814822e-02  1.82613584067628033e-07
  4.40422969961665670e-10
2022+2854  13-Nov-24  120000.00   60627.50000000000            24.630000  0.000  0.000
          142.949281    2.912037613413 CCERA  360    4  1420.400                
  5.27873116340092554e-05 -1.28399653274413883e-02  3.02088562011848031e-07
 -2.64860399748882676e-10
2022+2854  13-Nov-24  180000.00   60627.75000000000            24.630000  0.000  0.000
        63038.361410    2.912037613413 CCERA  360    4  1420.400                
 -3.14286582826032030e-05 -1.27805108028616020e-02 -1.76337563275995710e-07
 -4.37591643654412241e-10
2022+2854  14-Nov-24       0.00   60628.00000000000            24.630000  0.000  0.000
       125933.734866    2.912037613413 CCERA  360    4  1420.400                
 -5.19505401013304696e-05 -1.30068263360605604e-02 -2.91101083849969575e-07
  2.69175447535245785e-10
