0332+5434  05-Mar-25       0.00   60739.00000000000            26.764100  0.000  0.000
      -108749.646537    1.399541538720 CCERA  360    4  1420.400                
 -1.60637863227988338e-05 -7.20551374313957351e-03 -8.55544077377343771e-08
  8.94340648505276320e-11
0332+5434  05-Mar-25   60000.00   60739.25000000000            26.764100  0.000  0.000
       -78521.144314    1.399541538720 CCERA  360    4  1420.400                
  1.04372638274070224e-05 -7.21566871522085797e-03  6.79962272823219825e-08
  1.36123824245955823e-10
0332+5434  05-Mar-25  120000.00   60739.50000000000            26.764100  0.000  0.000
       -48294.657348    1.399541538720 CCERA  360    4  1420.400                
  1.63173123745213876e-05 -7.13689623185846667e-03  9.91756490525679481e-08
 -9.02678192916732576e-11
0332+5434  05-Mar-25  180000.00   60739.75000000000            26.764100  0.000  0.000
       -18066.192518    1.399541538720 CCERA  360    4  1420.400                
 -1.08879071111611570e-05 -7.11705958063915418e-03 -5.42802348532034388e-08
 -1.35012469914487850e-10
0332+5434  06-Mar-25       0.00   60740.00000000000            26.764100  0.000  0.000
        12161.716016    1.399541538720 CCERA  360    4  1420.400                
 -1.63294290826149681e-05 -7.18538298341789023e-03 -8.37791199731193404e-08
  9.17618906613456667e-11
0332+5434  06-Mar-25   60000.00   60740.25000000000            26.764100  0.000  0.000
        42389.221348    1.399541538720 CCERA  360    4  1420.400                
  1.12483134672324040e-05 -7.19375348013683372e-03  7.02886532405142379e-08
  1.34553607620825815e-10
0332+5434  06-Mar-25  120000.00   60740.50000000000            26.764100  0.000  0.000
        72616.742472    1.399541538720 CCERA  360    4  1420.400                
  1.55866836483623228e-05 -7.11422267547513233e-03  9.88178824287923778e-08
 -9.25912214485445815e-11
0332+5434  06-Mar-25  180000.00   60740.75000000000            26.764100  0.000  0.000
       102844.285679    1.399541538720 CCERA  360    4  1420.400                
 -1.10094703636627791e-05 -7.09514572413564009e-03 -5.51420488283636070e-08
 -1.33431067512643505e-10
0332+5434  07-Mar-25       0.00   60741.00000000000            26.764100  0.000  0.000
       133071.817052    1.399541538720 CCERA  360    4  1420.400                
 -1.57642838695259997e-05 -7.16319649915345396e-03 -8.19958207748855766e-08
  9.40630765579546372e-11
