0332+5434  09-Feb-25       0.00   60715.00000000000            26.764100  0.000  0.000
      -116414.029098    1.399541538720 CCERA  360    4  1420.400                
 -1.96506282135314879e-05 -7.03312657692908242e-03 -1.19744660154393727e-07
  2.72115036206994785e-11
0332+5434  09-Feb-25   60000.00   60715.25000000000            26.764100  0.000  0.000
       -86187.582168    1.399541538720 CCERA  360    4  1420.400                
  3.07929407519202078e-06 -7.08424718099328124e-03  8.20207465157188410e-09
  1.60743767123000350e-10
0332+5434  09-Feb-25  120000.00   60715.50000000000            26.764100  0.000  0.000
       -55959.136633    1.399541538720 CCERA  360    4  1420.400                
  1.93962900498015446e-05 -7.03036131104972130e-03  9.83656239659738475e-08
 -2.82730066819503797e-11
0332+5434  09-Feb-25  180000.00   60715.75000000000            26.764100  0.000  0.000
       -25732.712368    1.399541538720 CCERA  360    4  1420.400                
 -3.01820106857794564e-06 -6.99492151939397778e-03 -3.00101231713691829e-08
 -1.60180018689483766e-10
0332+5434  10-Feb-25       0.00   60716.00000000000            26.764100  0.000  0.000
         4496.281092    1.399541538720 CCERA  360    4  1420.400                
 -1.89903088587711285e-05 -7.06408026312548096e-03 -1.18723560092515880e-07
  2.99706813804055519e-11
0332+5434  10-Feb-25   60000.00   60716.25000000000            26.764100  0.000  0.000
        34723.823263    1.399541538720 CCERA  360    4  1420.400                
  3.31948570579609817e-06 -7.11364446618939755e-03  1.07603248144704604e-08
  1.60241332407453247e-10
0332+5434  10-Feb-25  120000.00   60716.50000000000            26.764100  0.000  0.000
        64951.367419    1.399541538720 CCERA  360    4  1420.400                
  1.89955951625585868e-05 -7.05853053758799531e-03  9.87042495113497783e-08
 -3.10305609696629660e-11
0332+5434  10-Feb-25  180000.00   60716.75000000000            26.764100  0.000  0.000
        95178.932946    1.399541538720 CCERA  360    4  1420.400                
 -3.64922393645245212e-06 -7.02366387430048995e-03 -3.11922837771388390e-08
 -1.59656188705533717e-10
0332+5434  11-Feb-25       0.00   60717.00000000000            26.764100  0.000  0.000
       125406.491228    1.399541538720 CCERA  360    4  1420.400                
 -1.90584390611242357e-05 -7.09305373615119750e-03 -1.17675376691916797e-07
  3.27217332628346717e-11
