0332+5434  15-Apr-25       0.00   60780.00000000000            26.764100  0.000  0.000
       -95555.081219    1.399541538720 CCERA  360    4  1420.400                
 -5.05641003090031106e-06 -4.87396136502485627e-03 -1.28944047594624224e-10
  1.56463536834624974e-10
0332+5434  15-Apr-25   60000.00   60780.25000000000            26.764100  0.000  0.000
       -65327.431096    1.399541538720 CCERA  360    4  1420.400                
  1.82493076410788317e-05 -4.81546335621205017e-03  1.37280774008077251e-07
  4.53617614657207093e-11
0332+5434  15-Apr-25  120000.00   60780.50000000000            26.764100  0.000  0.000
       -35099.812431    1.399541538720 CCERA  360    4  1420.400                
  5.29808472398916751e-06 -4.72732617306703858e-03  6.14630480677783204e-08
 -1.56659733156879507e-10
0332+5434  15-Apr-25  180000.00   60780.75000000000            26.764100  0.000  0.000
        -4870.208523    1.399541538720 CCERA  360    4  1420.400                
 -1.86691756025675283e-05 -4.74149611993410647e-03 -7.50850238203720470e-08
 -4.38202605272416510e-11
0332+5434  16-Apr-25       0.00   60781.00000000000            26.764100  0.000  0.000
        25358.589287    1.399541538720 CCERA  360    4  1420.400                
 -5.04332741795452174e-06 -4.78427439739868149e-03  2.11676893961768803e-09
  1.57230664309391894e-10
0332+5434  16-Apr-25   60000.00   60781.25000000000            26.764100  0.000  0.000
        55586.971739    1.399541538720 CCERA  360    4  1420.400                
  1.86039672359994759e-05 -4.72434861767021506e-03  1.38210202507356413e-07
  4.26615868225524747e-11
0332+5434  16-Apr-25  120000.00   60781.50000000000            26.764100  0.000  0.000
        85815.385871    1.399541538720 CCERA  360    4  1420.400                
  4.80951050658621463e-06 -4.63654730036637368e-03  6.00467334610257056e-08
 -1.57404367015157142e-10
0332+5434  16-Apr-25  180000.00   60781.75000000000            26.764100  0.000  0.000
       116043.814464    1.399541538720 CCERA  360    4  1420.400                
 -1.92629850783482003e-05 -4.65153950747405030e-03 -7.51656927621847245e-08
 -4.11144768288851535e-11
0332+5434  17-Apr-25       0.00   60782.00000000000            26.764100  0.000  0.000
       146272.227727    1.399541538720 CCERA  360    4  1420.400                
 -5.17889590476376627e-06 -4.69337280572492809e-03  4.36956109994122664e-09
  1.57951327482995262e-10
