0332+5434  10-Oct-24       0.00   60593.00000000000            26.764100  0.000  0.000
       -90214.007313    1.399541538720 CCERA  360    4  1420.400                
  6.91833379262744567e-06  4.83574998081949970e-03  1.14000935729456216e-08
 -1.52614350779618575e-10
0332+5434  10-Oct-24   60000.00   60593.25000000000            26.764100  0.000  0.000
       -59983.839625    1.399541538720 CCERA  360    4  1420.400                
 -1.84071475646923026e-05  4.78472127011769343e-03 -1.31351733032794397e-07
 -5.70662330548159213e-11
0332+5434  10-Oct-24  120000.00   60593.50000000000            26.764100  0.000  0.000
       -29751.641913    1.399541538720 CCERA  360    4  1420.400                
 -6.30499958543461797e-06  4.69640581852204340e-03 -6.60837035751857756e-08
  1.52862127987607765e-10
0332+5434  10-Oct-24  180000.00   60593.75000000000            26.764100  0.000  0.000
          481.428556    1.399541538720 CCERA  360    4  1420.400                
  1.80507392223237258e-05  4.70791431505239878e-03  7.58456924070698838e-08
  5.55110788563743232e-11
0332+5434  11-Oct-24       0.00   60594.00000000000            26.764100  0.000  0.000
        30713.230821    1.399541538720 CCERA  360    4  1420.400                
  6.99205351902088783e-06  4.75566402392132732e-03  9.09867220225637899e-09
 -1.53577479503375540e-10
