0332+5434  17-Mar-25       0.00   60751.00000000000            26.764100  0.000  0.000
      -104900.725847    1.399541538720 CCERA  360    4  1420.400                
 -1.33869958508306453e-05 -6.83595749957571081e-03 -6.32662800602595274e-08
  1.15467096797480867e-10
0332+5434  17-Mar-25   60000.00   60751.25000000000            26.764100  0.000  0.000
       -74672.360384    1.399541538720 CCERA  360    4  1420.400                
  1.42680015509590695e-05 -6.82501976904195760e-03  9.34965188914535969e-08
  1.14799177903160710e-10
0332+5434  17-Mar-25  120000.00   60751.50000000000            26.764100  0.000  0.000
       -44444.016105    1.399541538720 CCERA  360    4  1420.400                
  1.38973392144784085e-05 -6.73908490548650631e-03  9.25293486738217631e-08
 -1.16158391990189720e-10
0332+5434  17-Mar-25  180000.00   60751.75000000000            26.764100  0.000  0.000
       -14217.692803    1.399541538720 CCERA  360    4  1420.400                
 -1.40321164169631418e-05 -6.72899821088385804e-03 -6.39051986426736548e-08
 -1.13503665618036174e-10
0332+5434  18-Mar-25       0.00   60752.00000000000            26.764100  0.000  0.000
        16011.356013    1.399541538720 CCERA  360    4  1420.400                
 -1.37596192916631761e-05 -6.79302575226322335e-03 -6.12721250617844074e-08
  1.17431491615443666e-10
0332+5434  18-Mar-25   60000.00   60752.25000000000            26.764100  0.000  0.000
        46239.006321    1.399541538720 CCERA  360    4  1420.400                
  1.42443746143077694e-05 -6.78033689335771645e-03  9.54602993236443493e-08
  1.12790282965093968e-10
0332+5434  18-Mar-25  120000.00   60752.50000000000            26.764100  0.000  0.000
        76466.678271    1.399541538720 CCERA  360    4  1420.400                
  1.32577437721947533e-05 -6.69396291913465936e-03  9.17995512605531056e-08
 -1.18104862074415766e-10
0332+5434  18-Mar-25  180000.00   60752.75000000000            26.764100  0.000  0.000
       106694.371061    1.399541538720 CCERA  360    4  1420.400                
 -1.38238483453937975e-05 -6.68470838924428452e-03 -6.45807725067806804e-08
 -1.11477392967589009e-10
0332+5434  19-Mar-25       0.00   60753.00000000000            26.764100  0.000  0.000
       136922.050240    1.399541538720 CCERA  360    4  1420.400                
 -1.32981257175684207e-05 -6.74824465235232627e-03 -5.92539012034928502e-08
  1.19361185914443224e-10
