0332+5434  20-Jan-25       0.00   60695.00000000000            26.764100  0.000  0.000
        -2254.124118    1.399541538720 CCERA  360    4  1420.400                
 -1.90047791172563470e-05 -5.97813787519967371e-03 -1.33509560241870550e-07
 -2.86117344592913804e-11
0332+5434  20-Jan-25   60000.00   60695.25000000000            26.764100  0.000  0.000
        27974.052814    1.399541538720 CCERA  360    4  1420.400                
 -3.19779058496743090e-06 -6.05744813267620422e-03 -4.36214934632867076e-08
  1.60667783852199252e-10
0332+5434  20-Jan-25  120000.00   60695.50000000000            26.764100  0.000  0.000
        58201.970943    1.399541538720 CCERA  360    4  1420.400                
  1.86700729714868539e-05 -6.03180452503652379e-03  8.44783002794261506e-08
  2.75022971147201249e-11
0332+5434  20-Jan-25  180000.00   60695.75000000000            26.764100  0.000  0.000
        88429.906736    1.399541538720 CCERA  360    4  1420.400                
  3.22932006518151576e-06 -5.98818133024300002e-03 -6.21630502897918302e-09
 -1.60630055559084117e-10
0332+5434  21-Jan-25       0.00   60696.00000000000            26.764100  0.000  0.000
       118657.840216    1.399541538720 CCERA  360    4  1420.400                
 -1.94699677637526896e-05 -6.04945334986180163e-03 -1.33238831030301110e-07
 -2.58447357883248158e-11
