0332+5434  17-Apr-25       0.00   60782.00000000000            26.764100  0.000  0.000
       -94917.098066    1.399541538720 CCERA  360    4  1420.400                
 -4.69389415447337690e-06 -4.69337280572492809e-03  4.36956109994122664e-09
  1.57951327482995262e-10
0332+5434  17-Apr-25   60000.00   60782.25000000000            26.764100  0.000  0.000
       -64689.513529    1.399541538720 CCERA  360    4  1420.400                
  1.93206533756496195e-05 -4.63203140051671788e-03  1.39106528111788799e-07
  3.99488125010126802e-11
0332+5434  17-Apr-25  120000.00   60782.50000000000            26.764100  0.000  0.000
       -34461.960887    1.399541538720 CCERA  360    4  1420.400                
  4.36884045068163831e-06 -4.54458626891005892e-03  5.86205803215819788e-08
 -1.58102291352200076e-10
0332+5434  17-Apr-25  180000.00   60782.75000000000            26.764100  0.000  0.000
        -4232.422407    1.399541538720 CCERA  360    4  1420.400                
 -1.93423399191769858e-05 -4.56039054233779457e-03 -7.52160602083788492e-08
 -3.83962802410047285e-11
0332+5434  18-Apr-25       0.00   60783.00000000000            26.764100  0.000  0.000
        25996.868602    1.399541538720 CCERA  360    4  1420.400                
 -4.71779826213159822e-06 -4.60126062535468235e-03  6.62924391994382848e-09
  1.58625379172271478e-10
0332+5434  18-Apr-25   60000.00   60783.25000000000            26.764100  0.000  0.000
        56225.317511    1.399541538720 CCERA  360    4  1420.400                
  1.92134330691277801e-05 -4.53851581746975499e-03  1.39969987987035590e-07
  3.72243620440769905e-11
0332+5434  18-Apr-25  120000.00   60783.50000000000            26.764100  0.000  0.000
        86453.798521    1.399541538720 CCERA  360    4  1420.400                
  4.37624727562240848e-06 -4.45144673729783169e-03  5.71854988372791036e-08
 -1.58753278202784865e-10
0332+5434  18-Apr-25  180000.00   60783.75000000000            26.764100  0.000  0.000
       116682.293393    1.399541538720 CCERA  360    4  1420.400                
 -1.87088569479470289e-05 -4.46805228635592435e-03 -7.52355910216265625e-08
 -3.56665700593645444e-11
0332+5434  19-Apr-25       0.00   60784.00000000000            26.764100  0.000  0.000
       146910.772953    1.399541538720 CCERA  360    4  1420.400                
 -4.53561308343099615e-06 -4.50794084333020970e-03  8.89566265086928233e-09
  1.59252495387905436e-10
