0332+5434  14-Dec-24       0.00   60658.00000000000            26.764100  0.000  0.000
       -14248.673291    1.399541538720 CCERA  360    4  1420.400                
 -1.35355142286444936e-05 -2.33775489607255691e-03 -1.16281859799882236e-07
 -1.18427962618413873e-10
0332+5434  14-Dec-24   60000.00   60658.25000000000            26.764100  0.000  0.000
        15981.910285    1.399541538720 CCERA  360    4  1420.400                
 -1.36598272109948075e-05 -2.44190350105511498e-03 -1.20350582363318778e-07
  1.12473270548931867e-10
0332+5434  14-Dec-24  120000.00   60658.50000000000            26.764100  0.000  0.000
        46211.119193    1.399541538720 CCERA  360    4  1420.400                
  1.36250993803173867e-05 -2.47258637676670695e-03  3.62802905705911431e-08
  1.17558341353125883e-10
0332+5434  14-Dec-24  180000.00   60658.75000000000            26.764100  0.000  0.000
        76440.334530    1.399541538720 CCERA  360    4  1420.400                
  1.40601476708119605e-05 -2.42648233568319369e-03  3.91072120158213600e-08
 -1.13386929290208951e-10
0332+5434  15-Dec-24       0.00   60659.00000000000            26.764100  0.000  0.000
       106669.556921    1.399541538720 CCERA  360    4  1420.400                
 -1.33823440521400526e-05 -2.45442869938002680e-03 -1.17442921731646764e-07
 -1.16486115054362791e-10
