0332+5434  03-Mar-25       0.00   60737.00000000000            26.764100  0.000  0.000
      -109374.042914    1.399541538720 CCERA  360    4  1420.400                
 -1.62590099318409244e-05 -7.23937584420502028e-03 -8.90848855095956540e-08
  8.47001386808840579e-11
0332+5434  03-Mar-25   60000.00   60737.25000000000            26.764100  0.000  0.000
       -79147.527880    1.399541538720 CCERA  360    4  1420.400                
  1.05202190138097761e-05 -7.25313064805279285e-03  6.32958455850439295e-08
  1.39143775071072378e-10
0332+5434  03-Mar-25  120000.00   60737.50000000000            26.764100  0.000  0.000
       -48919.027011    1.399541538720 CCERA  360    4  1420.400                
  1.60789121489710749e-05 -7.17598441489840800e-03  9.97481208007486842e-08
 -8.55405290275809266e-11
0332+5434  03-Mar-25  180000.00   60737.75000000000            26.764100  0.000  0.000
       -18692.548345    1.399541538720 CCERA  360    4  1420.400                
 -1.06177387410344402e-05 -7.15468532207942653e-03 -5.25623717275933279e-08
 -1.38053678167591362e-10
0332+5434  04-Mar-25       0.00   60738.00000000000            26.764100  0.000  0.000
        11536.058328    1.399541538720 CCERA  360    4  1420.400                
 -1.63263893065445779e-05 -7.22353140226354804e-03 -8.73230714877974995e-08
  8.70801139991586532e-11
0332+5434  04-Mar-25   60000.00   60738.25000000000            26.764100  0.000  0.000
        41763.549309    1.399541538720 CCERA  360    4  1420.400                
  1.00175933484782446e-05 -7.23548118968159529e-03  6.56653134575141360e-08
  1.37654169274967431e-10
0332+5434  04-Mar-25  120000.00   60738.50000000000            26.764100  0.000  0.000
        71991.055005    1.399541538720 CCERA  360    4  1420.400                
  1.60929877446235377e-05 -7.15750340491703736e-03  9.94861645572892019e-08
 -8.79171868818487557e-11
0332+5434  04-Mar-25  180000.00   60738.75000000000            26.764100  0.000  0.000
       102218.582876    1.399541538720 CCERA  360    4  1420.400                
 -1.02499644555172344e-05 -7.13692563306627357e-03 -5.34197321602963053e-08
 -1.36553382259334910e-10
0332+5434  05-Mar-25       0.00   60739.00000000000            26.764100  0.000  0.000
       132446.099237    1.399541538720 CCERA  360    4  1420.400                
 -1.59618994468713956e-05 -7.20551374313957351e-03 -8.55544077377343771e-08
  8.94340648505276320e-11
