0332+5434  16-Mar-25       0.00   60750.00000000000            26.764100  0.000  0.000
      -105225.895681    1.399541538720 CCERA  360    4  1420.400                
 -1.39556182883967105e-05 -6.87704361958059712e-03 -6.52362633163155111e-08
  1.13468621910673634e-10
0332+5434  16-Mar-25   60000.00   60750.25000000000            26.764100  0.000  0.000
       -74997.515112    1.399541538720 CCERA  360    4  1420.400                
  1.39993106412429510e-05 -6.86785628199976326e-03  9.15106530726992264e-08
  1.16774195245195280e-10
0332+5434  16-Mar-25  120000.00   60750.50000000000            26.764100  0.000  0.000
       -44769.155265    1.399541538720 CCERA  360    4  1420.400                
  1.40797730487887994e-05 -6.78238189351039987e-03  9.32374745213470207e-08
 -1.14177409060311946e-10
0332+5434  16-Mar-25  180000.00   60750.75000000000            26.764100  0.000  0.000
       -14542.816526    1.399541538720 CCERA  360    4  1420.400                
 -1.35813785015528651e-05 -6.77146186391996020e-03 -6.32048794425155685e-08
 -1.15496174695850223e-10
0332+5434  17-Mar-25       0.00   60751.00000000000            26.764100  0.000  0.000
        15686.464429    1.399541538720 CCERA  360    4  1420.400                
 -1.39519394475513327e-05 -6.83595749957571081e-03 -6.32662800602595274e-08
  1.15467096797480867e-10
0332+5434  17-Mar-25   60000.00   60751.25000000000            26.764100  0.000  0.000
        45914.098966    1.399541538720 CCERA  360    4  1420.400                
  1.37030579542383685e-05 -6.82501976904195760e-03  9.34965188914535969e-08
  1.14799177903160710e-10
0332+5434  17-Mar-25  120000.00   60751.50000000000            26.764100  0.000  0.000
        76141.754687    1.399541538720 CCERA  360    4  1420.400                
  1.33323956177577363e-05 -6.73908490548650631e-03  9.25293486738217631e-08
 -1.16158391990189720e-10
0332+5434  17-Mar-25  180000.00   60751.75000000000            26.764100  0.000  0.000
       106369.431384    1.399541538720 CCERA  360    4  1420.400                
 -1.35970600136838592e-05 -6.72899821088385804e-03 -6.39051986426736548e-08
 -1.13503665618036174e-10
0332+5434  18-Mar-25       0.00   60752.00000000000            26.764100  0.000  0.000
       136597.094594    1.399541538720 CCERA  360    4  1420.400                
 -1.33245628883838731e-05 -6.79302575226322335e-03 -6.12721250617844074e-08
  1.17431491615443666e-10
