0332+5434  08-Mar-25       0.00   60742.00000000000            26.764100  0.000  0.000
      -107770.781916    1.399541538720 CCERA  360    4  1420.400                
 -1.52865505906706062e-05 -7.13900546274176279e-03 -8.02023323010594174e-08
  9.63370432664713546e-11
0332+5434  08-Mar-25   60000.00   60742.25000000000            26.764100  0.000  0.000
       -77542.304561    1.399541538720 CCERA  360    4  1420.400                
  1.15825582243112752e-05 -7.14383372153196312e-03  7.47647158307609612e-08
  1.31295856303492787e-10
0332+5434  08-Mar-25  120000.00   60742.50000000000            26.764100  0.000  0.000
       -47315.844036    1.399541538720 CCERA  360    4  1420.400                
  1.59705075227506234e-05 -7.06288930802096565e-03  9.79710287670226187e-08
 -9.71530954473962781e-11
0332+5434  08-Mar-25  180000.00   60742.75000000000            26.764100  0.000  0.000
       -17087.405463    1.399541538720 CCERA  360    4  1420.400                
 -1.21603799216998779e-05 -7.04537915471073386e-03 -5.68579860728143080e-08
 -1.30148205497621209e-10
0332+5434  09-Mar-25       0.00   60743.00000000000            26.764100  0.000  0.000
        13140.954729    1.399541538720 CCERA  360    4  1420.400                
 -1.55222613167906632e-05 -7.11285343839272895e-03 -7.83962813435772458e-08
  9.85832738189885837e-11
0332+5434  09-Mar-25   60000.00   60743.25000000000            26.764100  0.000  0.000
        43368.487096    1.399541538720 CCERA  360    4  1420.400                
  1.20091401712547622e-05 -7.11592088785496443e-03  7.69527461043232307e-08
  1.29609435398795737e-10
0332+5434  09-Mar-25  120000.00   60743.50000000000            26.764100  0.000  0.000
        73596.036802    1.399541538720 CCERA  360    4  1420.400                
  1.56123415733990571e-05 -7.03431746160113145e-03  9.74879583852538371e-08
 -9.93902576028521951e-11
0332+5434  09-Mar-25  180000.00   60743.75000000000            26.764100  0.000  0.000
       103823.608378    1.399541538720 CCERA  360    4  1420.400                
 -1.15048082118740302e-05 -7.01760978803565513e-03 -5.77058460077561397e-08
 -1.28447813969505545e-10
0332+5434  10-Mar-25       0.00   60744.00000000000            26.764100  0.000  0.000
       134051.167634    1.399541538720 CCERA  360    4  1420.400                
 -1.54136323617654494e-05 -7.08477623650424077e-03 -7.65753524711320888e-08
  1.00800903196500892e-10
