0332+5434  02-Mar-25       0.00   60736.00000000000            26.764100  0.000  0.000
      -109701.007676    1.399541538720 CCERA  360    4  1420.400                
 -1.69479721819617297e-05 -7.25299005402343239e-03 -9.08372528946114983e-08
  8.22943056137251091e-11
0332+5434  02-Mar-25   60000.00   60736.25000000000            26.764100  0.000  0.000
       -79474.487430    1.399541538720 CCERA  360    4  1420.400                
  9.71765762776181536e-06 -7.26855827292670603e-03  6.08899604646617857e-08
  1.40591492103841628e-10
0332+5434  02-Mar-25  120000.00   60736.50000000000            26.764100  0.000  0.000
       -49247.980788    1.399541538720 CCERA  360    4  1420.400                
  1.64442237587927145e-05 -7.19227937801901213e-03  9.99622923578425607e-08
 -8.31390324681201139e-11
0332+5434  02-Mar-25  180000.00   60736.75000000000            26.764100  0.000  0.000
       -19019.496367    1.399541538720 CCERA  360    4  1420.400                
 -1.02156057950680108e-05 -7.17027859053236127e-03 -5.17081484756126491e-08
 -1.39513450475251845e-10
0332+5434  03-Mar-25       0.00   60737.00000000000            26.764100  0.000  0.000
        11209.000754    1.399541538720 CCERA  360    4  1420.400                
 -1.70221823646211905e-05 -7.23937584420502028e-03 -8.90848855095956540e-08
  8.47001386808840579e-11
0332+5434  03-Mar-25   60000.00   60737.25000000000            26.764100  0.000  0.000
        41436.485720    1.399541538720 CCERA  360    4  1420.400                
  9.75704658102950324e-06 -7.25313064805279285e-03  6.32958455850439295e-08
  1.39143775071072378e-10
0332+5434  03-Mar-25  120000.00   60737.50000000000            26.764100  0.000  0.000
        71663.984850    1.399541538720 CCERA  360    4  1420.400                
  1.63157397161908094e-05 -7.17598441489840800e-03  9.97481208007486842e-08
 -8.55405290275809266e-11
0332+5434  03-Mar-25  180000.00   60737.75000000000            26.764100  0.000  0.000
       101891.506184    1.399541538720 CCERA  360    4  1420.400                
 -1.03809111738146888e-05 -7.15468532207942653e-03 -5.25623717275933279e-08
 -1.38053678167591362e-10
0332+5434  04-Mar-25       0.00   60738.00000000000            26.764100  0.000  0.000
       132119.016167    1.399541538720 CCERA  360    4  1420.400                
 -1.60895617393248434e-05 -7.22353140226354804e-03 -8.73230714877974995e-08
  8.70801139991586532e-11
