0332+5434  26-Jan-25       0.00   60701.00000000000            26.764100  0.000  0.000
         -319.059864    1.399541538720 CCERA  360    4  1420.400                
 -1.95492261787793650e-05 -6.37949658038933654e-03 -1.31189024224552331e-07
 -1.19090105704164297e-11
0332+5434  26-Jan-25   60000.00   60701.25000000000            26.764100  0.000  0.000
        29908.845112    1.399541538720 CCERA  360    4  1420.400                
 -1.25410446067144415e-06 -6.45133668637298124e-03 -2.85325575237718715e-08
  1.62723892399553651e-10
0332+5434  26-Jan-25  120000.00   60701.50000000000            26.764100  0.000  0.000
        60136.623264    1.399541538720 CCERA  360    4  1420.400                
  1.95081069038997207e-05 -6.41687745519212583e-03  8.96037109040560057e-08
  1.08234726108784760e-11
0332+5434  26-Jan-25  180000.00   60701.75000000000            26.764100  0.000  0.000
        90364.420358    1.399541538720 CCERA  360    4  1420.400                
  1.28027520032726842e-06 -6.37532948335600876e-03 -1.37283962851706761e-08
 -1.62500625504675765e-10
0332+5434  27-Jan-25       0.00   60702.00000000000            26.764100  0.000  0.000
       120592.213631    1.399541538720 CCERA  360    4  1420.400                
 -1.92345431854142631e-05 -6.43989575482980386e-03 -1.30632865409772797e-07
 -9.10705947009049674e-12
