0332+5434  23-Apr-25       0.00   60788.00000000000            26.764100  0.000  0.000
       -92945.030357    1.399541538720 CCERA  360    4  1420.400                
 -2.50517560299637923e-06 -4.12260523782829666e-03  1.80247897860633435e-08
  1.61288985523671808e-10
0332+5434  23-Apr-25   60000.00   60788.25000000000            26.764100  0.000  0.000
       -62717.652992    1.399541538720 CCERA  360    4  1420.400                
  1.93639460813192272e-05 -4.05302890475632040e-03  1.43802240453255989e-07
  2.34538953550175114e-11
0332+5434  23-Apr-25  120000.00   60788.50000000000            26.764100  0.000  0.000
       -32488.308652    1.399541538720 CCERA  360    4  1420.400                
  2.54651639361487409e-06 -3.96812226146609111e-03  4.99067851231333904e-08
 -1.61299378197200909e-10
0332+5434  23-Apr-25  180000.00   60788.75000000000            26.764100  0.000  0.000
        -2260.976650    1.399541538720 CCERA  360    4  1420.400                
 -1.88626173357727722e-05 -3.98855326827667750e-03 -7.48565743552620523e-08
 -2.18754416790387765e-11
0332+5434  24-Apr-25       0.00   60789.00000000000            26.764100  0.000  0.000
        27969.629500    1.399541538720 CCERA  360    4  1420.400                
 -2.68967599770790473e-06 -4.02325994839945397e-03  2.03182886787156582e-08
  1.61678386962166578e-10
0332+5434  24-Apr-25   60000.00   60789.25000000000            26.764100  0.000  0.000
        58198.288176    1.399541538720 CCERA  360    4  1420.400                
  1.94837646458761710e-05 -3.95235783516231527e-03  1.44468702667843285e-07
  2.06747982781150973e-11
0332+5434  24-Apr-25  120000.00   60789.50000000000            26.764100  0.000  0.000
        88426.980040    1.399541538720 CCERA  360    4  1420.400                
  2.65845119140874434e-06 -3.86794067475683878e-03  4.84306763080517030e-08
 -1.61667192505380759e-10
0332+5434  24-Apr-25  180000.00   60789.75000000000            26.764100  0.000  0.000
       118655.683934    1.399541538720 CCERA  360    4  1420.400                
 -1.94869841855414705e-05 -3.88910151535354180e-03 -7.46898671816027221e-08
 -1.90958913359558518e-11
0332+5434  25-Apr-25       0.00   60790.00000000000            26.764100  0.000  0.000
       148884.372731    1.399541538720 CCERA  360    4  1420.400                
 -2.42476479374690406e-06 -3.92272281063442939e-03  2.26101812358351716e-08
  1.62018928933487592e-10
