0332+5434  23-Jan-25       0.00   60698.00000000000            26.764100  0.000  0.000
        -1277.632820    1.399541538720 CCERA  360    4  1420.400                
 -1.90484359962807094e-05 -6.18689926434288009e-03 -1.32560232860815111e-07
 -2.02883487424559547e-11
0332+5434  23-Jan-25   60000.00   60698.25000000000            26.764100  0.000  0.000
        28951.486857    1.399541538720 CCERA  360    4  1420.400                
 -2.20775362542317774e-06 -6.26260041562054243e-03 -3.61606917733044527e-08
  1.61910362720074348e-10
0332+5434  23-Jan-25  120000.00   60698.50000000000            26.764100  0.000  0.000
        59179.332041    1.399541538720 CCERA  360    4  1420.400                
  1.94074641861182394e-05 -6.23253496172616710e-03  8.71202765122183964e-08
  1.91872296722657365e-11
0332+5434  23-Jan-25  180000.00   60698.75000000000            26.764100  0.000  0.000
        89407.195544    1.399541538720 CCERA  360    4  1420.400                
  1.68914300587997585e-06 -6.18991956899945031e-03 -1.00237974009442143e-08
 -1.61782020604474781e-10
0332+5434  24-Jan-25       0.00   60699.00000000000            26.764100  0.000  0.000
       119635.055965    1.399541538720 CCERA  360    4  1420.400                
 -1.97866898034596020e-05 -6.25295057621183450e-03 -1.32151300517837040e-07
 -1.75004720969900081e-11
