0332+5434  10-Mar-25       0.00   60744.00000000000            26.764100  0.000  0.000
      -107147.692233    1.399541538720 CCERA  360    4  1420.400                
 -1.57270257385331009e-05 -7.08477623650424077e-03 -7.65753524711320888e-08
  1.00800903196500892e-10
0332+5434  10-Mar-25   60000.00   60744.25000000000            26.764100  0.000  0.000
       -76919.235016    1.399541538720 CCERA  360    4  1420.400                
  1.17272382024447698e-05 -7.08608772495057920e-03  7.91103544154015790e-08
  1.27885280243152869e-10
0332+5434  10-Mar-25  120000.00   60744.50000000000            26.764100  0.000  0.000
       -46692.795639    1.399541538720 CCERA  360    4  1420.400                
  1.46968725920463856e-05 -7.00385471156812246e-03  9.69690268757825306e-08
 -1.01597440738711306e-10
0332+5434  10-Mar-25  180000.00   60744.75000000000            26.764100  0.000  0.000
       -16464.378043    1.399541538720 CCERA  360    4  1420.400                
 -1.25352889670792073e-05 -6.98795927753710806e-03 -5.85429774477395772e-08
 -1.26708711056131087e-10
0332+5434  11-Mar-25       0.00   60745.00000000000            26.764100  0.000  0.000
        13763.947967    1.399541538720 CCERA  360    4  1420.400                
 -1.51276931770016781e-05 -7.05480235225514670e-03 -7.47374560400649124e-08
  1.02989368658973352e-10
0332+5434  11-Mar-25   60000.00   60745.25000000000            26.764100  0.000  0.000
        43991.501849    1.399541538720 CCERA  360    4  1420.400                
  1.25015689371769852e-05 -7.05436135794997986e-03  8.12394782079188521e-08
  1.26123777887648035e-10
0332+5434  11-Mar-25  120000.00   60745.50000000000            26.764100  0.000  0.000
        74219.074066    1.399541538720 CCERA  360    4  1420.400                
  1.45041255291828299e-05 -6.97152652565026336e-03  9.64169273247853957e-08
 -1.03774015748363928e-10
0332+5434  11-Mar-25  180000.00   60745.75000000000            26.764100  0.000  0.000
       104446.667967    1.399541538720 CCERA  360    4  1420.400                
 -1.27709554113279190e-05 -6.95645103672764675e-03 -5.93666561647116589e-08
 -1.24931561700798393e-10
0332+5434  12-Mar-25       0.00   60746.00000000000            26.764100  0.000  0.000
       134674.249232    1.399541538720 CCERA  360    4  1420.400                
 -1.52920193763837731e-05 -7.02295352409885044e-03 -7.28807110348919868e-08
  1.05147849738027124e-10
