0332+5434  06-Mar-25       0.00   60740.00000000000            26.764100  0.000  0.000
      -108422.637346    1.399541538720 CCERA  360    4  1420.400                
 -1.61881762445397871e-05 -7.18538298341789023e-03 -8.37791199731193404e-08
  9.17618906613456667e-11
0332+5434  06-Mar-25   60000.00   60740.25000000000            26.764100  0.000  0.000
       -78194.142678    1.399541538720 CCERA  360    4  1420.400                
  1.13895663053075579e-05 -7.19375348013683372e-03  7.02886532405142379e-08
  1.34553607620825815e-10
0332+5434  06-Mar-25  120000.00   60740.50000000000            26.764100  0.000  0.000
       -47967.663802    1.399541538720 CCERA  360    4  1420.400                
  1.57279364864374495e-05 -7.11422267547513233e-03  9.88178824287923778e-08
 -9.25912214485445815e-11
0332+5434  06-Mar-25  180000.00   60740.75000000000            26.764100  0.000  0.000
       -17739.207009    1.399541538720 CCERA  360    4  1420.400                
 -1.08682175255876252e-05 -7.09514572413564009e-03 -5.51420488283636070e-08
 -1.33431067512643505e-10
0332+5434  07-Mar-25       0.00   60741.00000000000            26.764100  0.000  0.000
        12488.738382    1.399541538720 CCERA  360    4  1420.400                
 -1.56230310314508187e-05 -7.16319649915345396e-03 -8.19958207748855766e-08
  9.40630765579546372e-11
0332+5434  07-Mar-25   60000.00   60741.25000000000            26.764100  0.000  0.000
        42716.252010    1.399541538720 CCERA  360    4  1420.400                
  1.14633121434122549e-05 -7.16979191293893366e-03  7.25441030599592197e-08
  1.32944119022642481e-10
0332+5434  07-Mar-25  120000.00   60741.50000000000            26.764100  0.000  0.000
        72943.781953    1.399541538720 CCERA  360    4  1420.400                
  1.58328646324729663e-05 -7.08953774194039099e-03  9.84153494025309216e-08
 -9.48865380721523280e-11
0332+5434  07-Mar-25  180000.00   60741.75000000000            26.764100  0.000  0.000
       103171.333918    1.399541538720 CCERA  360    4  1420.400                
 -1.11300684530655428e-05 -7.07123705964961529e-03 -5.60023482126730647e-08
 -1.31809426568513454e-10
0332+5434  08-Mar-25       0.00   60742.00000000000            26.764100  0.000  0.000
       133398.873886    1.399541538720 CCERA  360    4  1420.400                
 -1.55164040568237443e-05 -7.13900546274176279e-03 -8.02023323010594174e-08
  9.63370432664713546e-11
