0332+5434  27-Jan-25       0.00   60702.00000000000            26.764100  0.000  0.000
           -3.283644    1.399541538720 CCERA  360    4  1420.400                
 -1.98505653028501931e-05 -6.43989575482980386e-03 -1.30632865409772797e-07
 -9.10705947009049674e-12
0332+5434  27-Jan-25   60000.00   60702.25000000000            26.764100  0.000  0.000
        30225.047342    1.399541538720 CCERA  360    4  1420.400                
 -8.16756747595291653e-07 -6.51039024796551749e-03 -2.59499823104341093e-08
  1.62899521577216405e-10
0332+5434  27-Jan-25  120000.00   60702.50000000000            26.764100  0.000  0.000
        60452.804540    1.399541538720 CCERA  360    4  1420.400                
  1.97059212564963161e-05 -6.47447017601841118e-03  9.04014754498897899e-08
  8.02869561812970219e-12
0332+5434  27-Jan-25  180000.00   60702.75000000000            26.764100  0.000  0.000
        90680.580883    1.399541538720 CCERA  360    4  1420.400                
  7.87069019910988495e-07 -6.43328617569277703e-03 -1.49322587119378994e-08
 -1.62643350357670882e-10
0332+5434  28-Jan-25       0.00   60703.00000000000            26.764100  0.000  0.000
       120908.353166    1.399541538720 CCERA  360    4  1420.400                
 -1.90397086975527793e-05 -6.49830911199366160e-03 -1.30025150863891884e-07
 -6.30217926016308884e-12
