0332+5434  14-Nov-24       0.00   60628.00000000000            26.764100  0.000  0.000
       -59812.343833    1.399541538720 CCERA  360    4  1420.400                
 -5.03367657952522272e-06  1.28518299338527438e-03 -6.70854303247174054e-08
 -1.58320490325255883e-10
0332+5434  14-Nov-24   60000.00   60628.25000000000            26.764100  0.000  0.000
       -29582.888796    1.399541538720 CCERA  360    4  1420.400                
 -1.88244129889255502e-05  1.19151613554149610e-03 -1.47970588605527902e-07
  3.95274549488477608e-11
0332+5434  14-Nov-24  120000.00   60628.50000000000            26.764100  0.000  0.000
          649.399570    1.399541538720 CCERA  360    4  1420.400                
  5.19150211186033296e-06  1.12366171478957386e-03 -1.35096061670921298e-08
  1.57913978341926463e-10
0332+5434  14-Nov-24  180000.00   60628.75000000000            26.764100  0.000  0.000
        30879.905783    1.399541538720 CCERA  360    4  1420.400                
  1.89340171471574685e-05  1.15894151299119307e-03  6.61470444628830619e-08
 -4.09524776221446786e-11
0332+5434  15-Nov-24       0.00   60629.00000000000            26.764100  0.000  0.000
        61110.424985    1.399541538720 CCERA  360    4  1420.400                
 -4.59883974808078037e-06  1.16746987111133451e-03 -6.90714284501358614e-08
 -1.57629025797453941e-10
