1935+1616  13-Nov-24       0.00   60627.00000000000           158.500000  0.000  0.000
         -207.462686    2.787546496219 CCERA  360    4  1420.400                
 -4.73902572260141757e-05 -1.59057416476214471e-02 -2.40516918598749355e-07
  3.62860891289738833e-10
1935+1616  13-Nov-24   60000.00   60627.25000000000           158.500000  0.000  0.000
        59998.730498    2.787546496219 CCERA  360    4  1420.400                
  4.35932316629983219e-05 -1.58954696333391196e-02  2.76833242777791901e-07
  3.96981292822720304e-10
1935+1616  13-Nov-24  120000.00   60627.50000000000           158.500000  0.000  0.000
       120204.060470    2.787546496219 CCERA  360    4  1420.400                
  4.69815110099500088e-05 -1.56258822448450164e-02  2.98048353668090997e-07
 -3.65710862806791092e-10
1935+1616  13-Nov-24  180000.00   60627.75000000000           158.500000  0.000  0.000
       180409.457288    2.787546496219 CCERA  360    4  1420.400                
 -4.40376902075830144e-05 -1.55951167301978007e-02 -2.18875587744049058e-07
 -3.93273052520275622e-10
1935+1616  14-Nov-24       0.00   60628.00000000000           158.500000  0.000  0.000
       240614.807058    2.787546496219 CCERA  360    4  1420.400                
 -4.65354044733579109e-05 -1.58211748809747657e-02 -2.35037787776899425e-07
  3.69654309476814290e-10
