0332+5434  04-Feb-25       0.00   60710.00000000000            26.764100  0.000  0.000
      -118016.624945    1.399541538720 CCERA  360    4  1420.400                
 -1.97413443274309743e-05 -6.84780792837478072e-03 -1.24513586087315471e-07
  1.33173251188828348e-11
0332+5434  04-Feb-25   60000.00   60710.25000000000            26.764100  0.000  0.000
       -87788.243541    1.399541538720 CCERA  360    4  1420.400                
  2.08906349063868947e-06 -6.90661665611140650e-03 -4.80439075017538217e-09
  1.62546474136349755e-10
0332+5434  04-Feb-25  120000.00   60710.50000000000            26.764100  0.000  0.000
       -57561.860528    1.399541538720 CCERA  360    4  1420.400                
  1.96736133851089129e-05 -6.85923995136623454e-03  9.60514107960813836e-08
 -1.43690203765215651e-11
0332+5434  04-Feb-25  180000.00   60710.75000000000            26.764100  0.000  0.000
       -27333.498136    1.399541538720 CCERA  360    4  1420.400                
 -1.49238939977610249e-06 -6.82122669880229782e-03 -2.41517755515359327e-08
 -1.62077569793296926e-10
0332+5434  05-Feb-25       0.00   60711.00000000000            26.764100  0.000  0.000
         2895.129886    1.399541538720 CCERA  360    4  1420.400                
 -1.97607508211225064e-05 -6.88904983543510690e-03 -1.23601363069623954e-07
  1.61071939393887886e-11
0332+5434  05-Feb-25   60000.00   60711.25000000000            26.764100  0.000  0.000
        33122.733869    1.399541538720 CCERA  360    4  1420.400                
  2.26416319833586929e-06 -6.94633165037427704e-03 -2.17199281434354274e-09
  1.62281547035897418e-10
0332+5434  05-Feb-25  120000.00   60711.50000000000            26.764100  0.000  0.000
        63350.336852    1.399541538720 CCERA  360    4  1420.400                
  1.91619920566306055e-05 -6.89760140204873692e-03  9.66022077091864781e-08
 -1.71620309954692231e-11
0332+5434  05-Feb-25  180000.00   60711.75000000000            26.764100  0.000  0.000
        93577.960606    1.399541538720 CCERA  360    4  1420.400                
 -2.63575958658939810e-06 -6.86005913990445776e-03 -2.53091425753940148e-08
 -1.61794131227417339e-10
0332+5434  06-Feb-25       0.00   60712.00000000000            26.764100  0.000  0.000
       123805.578274    1.399541538720 CCERA  360    4  1420.400                
 -1.93935058350014306e-05 -6.92816850778973925e-03 -1.22668487245652012e-07
  1.88921751586687357e-11
