0332+5434  24-Feb-25       0.00   60730.00000000000            26.764100  0.000  0.000
      -111613.385108    1.399541538720 CCERA  360    4  1420.400                
 -1.80449636920561634e-05 -7.28650474916847559e-03 -1.00811021438424173e-07
  6.73465579393825590e-11
0332+5434  24-Feb-25   60000.00   60730.25000000000            26.764100  0.000  0.000
       -81386.850967    1.399541538720 CCERA  360    4  1420.400                
  8.52007990255769592e-06 -7.31287842227788115e-03  4.60310283672983801e-08
  1.48363569070638359e-10
0332+5434  24-Feb-25  120000.00   60730.50000000000            26.764100  0.000  0.000
       -51158.326972    1.399541538720 CCERA  360    4  1420.400                
  1.80271807052821608e-05 -7.24232923714983323e-03  1.00525226999056483e-07
 -6.82653881916377024e-11
0332+5434  24-Feb-25  180000.00   60730.75000000000            26.764100  0.000  0.000
       -20931.825138    1.399541538720 CCERA  360    4  1420.400                
 -8.29005313876076655e-06 -7.21634398214744763e-03 -4.63987902673776395e-08
 -1.47417536294920306e-10
0332+5434  25-Feb-25       0.00   60731.00000000000            26.764100  0.000  0.000
         9297.313097    1.399541538720 CCERA  360    4  1420.400                
 -1.80323421143025816e-05 -7.28661918089501537e-03 -9.92407636955519264e-08
  6.98938208795528409e-11
0332+5434  25-Feb-25   60000.00   60731.25000000000            26.764100  0.000  0.000
        39524.779212    1.399541538720 CCERA  360    4  1420.400                
  8.21358293330959334e-06 -7.31122223019898924e-03  4.85276813272202993e-08
  1.47177933649631533e-10
0332+5434  25-Feb-25  120000.00   60731.50000000000            26.764100  0.000  0.000
        69752.256053    1.399541538720 CCERA  360    4  1420.400                
  1.70372463818922236e-05 -7.23967648252637954e-03  1.00489825536803632e-07
 -7.07968235674404445e-11
0332+5434  25-Feb-25  180000.00   60731.75000000000            26.764100  0.000  0.000
        99979.755076    1.399541538720 CCERA  360    4  1420.400                
 -8.25965296994093487e-06 -7.21434769752708413e-03 -4.73328066475739088e-08
 -1.46204534770084694e-10
0332+5434  26-Feb-25       0.00   60732.00000000000            26.764100  0.000  0.000
       130207.243718    1.399541538720 CCERA  360    4  1420.400                
 -1.78565640582784986e-05 -7.28448679008972082e-03 -9.76290710257455264e-08
  7.24202353745602870e-11
