0332+5434  01-Apr-25       0.00   60766.00000000000            26.764100  0.000  0.000
      -100068.472211    1.399541538720 CCERA  360    4  1420.400                
 -1.00239628265964091e-05 -5.99486149912983185e-03 -3.10508213911957780e-08
  1.41025841611822537e-10
0332+5434  01-Apr-25   60000.00   60766.25000000000            26.764100  0.000  0.000
       -69840.414370    1.399541538720 CCERA  360    4  1420.400                
  1.72642138210854638e-05 -5.95780238084388323e-03  1.20399626650512343e-07
  8.14334837189595756e-11
0332+5434  01-Apr-25  120000.00   60766.50000000000            26.764100  0.000  0.000
       -39612.384017    1.399541538720 CCERA  360    4  1420.400                
  9.89140326181627436e-06 -5.86754010663944302e-03  7.94862979764033001e-08
 -1.41459913135750255e-10
0332+5434  01-Apr-25  180000.00   60766.75000000000            26.764100  0.000  0.000
        -9384.372141    1.399541538720 CCERA  360    4  1420.400                
 -1.64651166364631414e-05 -5.86965320759645637e-03 -7.13262278926397976e-08
 -7.99534396929087204e-11
0332+5434  02-Apr-25       0.00   60767.00000000000            26.764100  0.000  0.000
        20844.345517    1.399541538720 CCERA  360    4  1420.400                
 -9.93983459053167624e-06 -5.92397018241922878e-03 -2.88330144156786018e-08
  1.42407751170382536e-10
0332+5434  02-Apr-25   60000.00   60767.25000000000            26.764100  0.000  0.000
        51072.313511    1.399541538720 CCERA  360    4  1420.400                
  1.73936828879336881e-05 -5.88526045064811584e-03  1.21893227910229964e-07
  7.89853591882910384e-11
0332+5434  02-Apr-25  120000.00   60767.50000000000            26.764100  0.000  0.000
        81300.309344    1.399541538720 CCERA  360    4  1420.400                
  9.58232240878499340e-06 -5.79494729080456874e-03  7.83791018689329434e-08
 -1.42833685228484127e-10
0332+5434  02-Apr-25  180000.00   60767.75000000000            26.764100  0.000  0.000
       111528.323432    1.399541538720 CCERA  360    4  1420.400                
 -1.71417566546938339e-05 -5.79790757232718709e-03 -7.17007222680680329e-08
 -7.75062666291008302e-11
0332+5434  03-Apr-25       0.00   60768.00000000000            26.764100  0.000  0.000
       141756.322709    1.399541538720 CCERA  360    4  1420.400                
 -8.98264280074581803e-06 -5.85147415101424685e-03 -2.66265602866338213e-08
  1.43748137154644464e-10
