0332+5434  07-Mar-25       0.00   60741.00000000000            26.764100  0.000  0.000
      -108096.934222    1.399541538720 CCERA  360    4  1420.400                
 -1.54734952339144738e-05 -7.16319649915345396e-03 -8.19958207748855766e-08
  9.40630765579546372e-11
0332+5434  07-Mar-25   60000.00   60741.25000000000            26.764100  0.000  0.000
       -77868.447850    1.399541538720 CCERA  360    4  1420.400                
  1.16128479409486268e-05 -7.16979191293893366e-03  7.25441030599592197e-08
  1.32944119022642481e-10
0332+5434  07-Mar-25  120000.00   60741.50000000000            26.764100  0.000  0.000
       -47641.977793    1.399541538720 CCERA  360    4  1420.400                
  1.59824004300093654e-05 -7.08953774194039099e-03  9.84153494025309216e-08
 -9.48865380721523280e-11
0332+5434  07-Mar-25  180000.00   60741.75000000000            26.764100  0.000  0.000
       -17413.529758    1.399541538720 CCERA  360    4  1420.400                
 -1.09805326555291708e-05 -7.07123705964961529e-03 -5.60023482126730647e-08
 -1.31809426568513454e-10
0332+5434  08-Mar-25       0.00   60742.00000000000            26.764100  0.000  0.000
        12815.069726    1.399541538720 CCERA  360    4  1420.400                
 -1.53668682592873995e-05 -7.13900546274176279e-03 -8.02023323010594174e-08
  9.63370432664713546e-11
0332+5434  08-Mar-25   60000.00   60742.25000000000            26.764100  0.000  0.000
        43042.592371    1.399541538720 CCERA  360    4  1420.400                
  1.15022405556945090e-05 -7.14383372153196312e-03  7.47647158307609612e-08
  1.31295856303492787e-10
0332+5434  08-Mar-25  120000.00   60742.50000000000            26.764100  0.000  0.000
        73270.131846    1.399541538720 CCERA  360    4  1420.400                
  1.58901898541338708e-05 -7.06288930802096565e-03  9.79710287670226187e-08
 -9.71530954473962781e-11
0332+5434  08-Mar-25  180000.00   60742.75000000000            26.764100  0.000  0.000
       103497.693272    1.399541538720 CCERA  360    4  1420.400                
 -1.12406975903166469e-05 -7.04537915471073386e-03 -5.68579860728143080e-08
 -1.30148205497621209e-10
0332+5434  09-Mar-25       0.00   60743.00000000000            26.764100  0.000  0.000
       133725.242539    1.399541538720 CCERA  360    4  1420.400                
 -1.56025789854074294e-05 -7.11285343839272895e-03 -7.83962813435772458e-08
  9.85832738189885837e-11
