0332+5434  19-Mar-25       0.00   60753.00000000000            26.764100  0.000  0.000
      -104237.148842    1.399541538720 CCERA  360    4  1420.400                
 -1.28578011056065857e-05 -6.74824465235232627e-03 -5.92539012034928502e-08
  1.19361185914443224e-10
0332+5434  19-Mar-25   60000.00   60753.25000000000            26.764100  0.000  0.000
       -74010.815589    1.399541538720 CCERA  360    4  1420.400                
  1.44525910702923690e-05 -6.73380411481435542e-03  9.74018524392957512e-08
  1.10748155966519736e-10
0332+5434  19-Mar-25  120000.00   60753.50000000000            26.764100  0.000  0.000
       -43782.504430    1.399541538720 CCERA  360    4  1420.400                
  1.29743846360221003e-05 -6.64701220926792666e-03  9.10487321782284153e-08
 -1.20016353480458189e-10
0332+5434  19-Mar-25  180000.00   60753.75000000000            26.764100  0.000  0.000
       -13554.213971    1.399541538720 CCERA  360    4  1420.400                
 -1.47024066358413532e-05 -6.63858811748828468e-03 -6.52309849582639425e-08
 -1.09418122027916942e-10
0332+5434  20-Mar-25       0.00   60754.00000000000            26.764100  0.000  0.000
        16673.909781    1.399541538720 CCERA  360    4  1420.400                
 -1.27252804729544006e-05 -6.70160975706813895e-03 -5.72117790267005783e-08
  1.21255685193665147e-10
0332+5434  20-Mar-25   60000.00   60754.25000000000            26.764100  0.000  0.000
        46901.593635    1.399541538720 CCERA  360    4  1420.400                
  1.44109778185233702e-05 -6.68541719513530627e-03  9.93210608931353217e-08
  1.08673356657600053e-10
0332+5434  20-Mar-25  120000.00   60754.50000000000            26.764100  0.000  0.000
        77129.300030    1.399541538720 CCERA  360    4  1420.400                
  1.31088116866876730e-05 -6.59822833871840167e-03  9.02775724838640427e-08
 -1.21892158100399302e-10
0332+5434  20-Mar-25  180000.00   60754.75000000000            26.764100  0.000  0.000
       107357.026981    1.399541538720 CCERA  360    4  1420.400                
 -1.49023755125794315e-05 -6.59063237522901531e-03 -6.58551339387542102e-08
 -1.07326132772854501e-10
0332+5434  21-Mar-25       0.00   60755.00000000000            26.764100  0.000  0.000
       137584.740088    1.399541538720 CCERA  360    4  1420.400                
 -1.24073876461936464e-05 -6.65311581776415351e-03 -5.51458303829927912e-08
  1.23114380381954496e-10
