0332+5434  21-Mar-25       0.00   60755.00000000000            26.764100  0.000  0.000
      -103606.520540    1.399541538720 CCERA  360    4  1420.400                
 -1.28197534850789640e-05 -6.65311581776415351e-03 -5.51458303829927912e-08
  1.23114380381954496e-10
0332+5434  21-Mar-25   60000.00   60755.25000000000            26.764100  0.000  0.000
       -73378.222171    1.399541538720 CCERA  360    4  1420.400                
  1.45280342755194010e-05 -6.63517100214986843e-03  1.01217915763732653e-07
  1.06566539707032563e-10
0332+5434  21-Mar-25  120000.00   60755.50000000000            26.764100  0.000  0.000
       -43151.946786    1.399541538720 CCERA  360    4  1420.400                
  1.29529934570738085e-05 -6.54760586317395480e-03  8.94869139123504649e-08
 -1.23731646745752619e-10
0332+5434  21-Mar-25  180000.00   60755.75000000000            26.764100  0.000  0.000
       -12923.691808    1.399541538720 CCERA  360    4  1420.400                
 -1.50434283443682960e-05 -6.54083499446250684e-03 -6.64523631768060691e-08
 -1.05202354400089049e-10
0332+5434  22-Mar-25       0.00   60756.00000000000            26.764100  0.000  0.000
        17305.422880    1.399541538720 CCERA  360    4  1420.400                
 -1.26664979851873006e-05 -6.60275632462846082e-03 -5.30559053629869251e-08
  1.24936938996271284e-10
0332+5434  22-Mar-25   60000.00   60756.25000000000            26.764100  0.000  0.000
        47533.142961    1.399541538720 CCERA  360    4  1420.400                
  1.46286971193292896e-05 -6.58305897886456506e-03  1.03092675809164560e-07
  1.04428251880460130e-10
0332+5434  22-Mar-25  120000.00   60756.50000000000            26.764100  0.000  0.000
        77760.886464    1.399541538720 CCERA  360    4  1420.400                
  1.27602335743223946e-05 -6.49513773379336440e-03  8.86778611310496227e-08
 -1.25534327766160302e-10
0332+5434  22-Mar-25  180000.00   60756.75000000000            26.764100  0.000  0.000
       107988.650221    1.399541538720 CCERA  360    4  1420.400                
 -1.51755616038765501e-05 -6.48918804580357958e-03 -6.70215541149792959e-08
 -1.03047055074013893e-10
0332+5434  23-Mar-25       0.00   60757.00000000000            26.764100  0.000  0.000
       138216.399928    1.399541538720 CCERA  360    4  1420.400                
 -1.25834012689983313e-05 -6.55052281066051834e-03 -5.09416309110352216e-08
  1.26722655243783637e-10
