0332+5434  25-Jan-25       0.00   60700.00000000000            26.764100  0.000  0.000
         -655.401853    1.399541538720 CCERA  360    4  1420.400                
 -1.93144065708928193e-05 -6.31716493901767796e-03 -1.31694691192004614e-07
 -1.47071686590558981e-11
0332+5434  25-Jan-25   60000.00   60700.25000000000            26.764100  0.000  0.000
        29573.209353    1.399541538720 CCERA  360    4  1420.400                
 -1.99949938108741026e-06 -6.39032087155975721e-03 -3.10946816139902307e-08
  1.62500478564667051e-10
0332+5434  25-Jan-25  120000.00   60700.50000000000            26.764100  0.000  0.000
        59801.009166    1.399541538720 CCERA  360    4  1420.400                
  1.89738854128101503e-05 -6.35732391055632978e-03  8.87917650342680544e-08
  1.36153751898257784e-11
0332+5434  25-Jan-25  180000.00   60700.75000000000            26.764100  0.000  0.000
        90028.827715    1.399541538720 CCERA  360    4  1420.400                
  2.01136401990014313e-06 -6.31541527537332354e-03 -1.25078390587580901e-08
 -1.62309453530221707e-10
0332+5434  26-Jan-25       0.00   60701.00000000000            26.764100  0.000  0.000
       120256.642687    1.399541538720 CCERA  360    4  1420.400                
 -1.92125196820041914e-05 -6.37949658038933654e-03 -1.31189024224552331e-07
 -1.19090105704164297e-11
