0332+5434  12-Mar-25       0.00   60746.00000000000            26.764100  0.000  0.000
      -106493.850380    1.399541538720 CCERA  360    4  1420.400                
 -1.53609502407178739e-05 -7.02295352409885044e-03 -7.28807110348919868e-08
  1.05147849738027124e-10
0332+5434  12-Mar-25   60000.00   60746.25000000000            26.764100  0.000  0.000
       -76265.416036    1.399541538720 CCERA  360    4  1420.400                
  1.30891327340954921e-05 -7.02076232316214011e-03  8.33418871366057479e-08
  1.24325597487019268e-10
0332+5434  12-Mar-25  120000.00   60746.50000000000            26.764100  0.000  0.000
       -46037.000516    1.399541538720 CCERA  360    4  1420.400                
  1.46558728934350348e-05 -6.93735191484336558e-03  9.58341753690516158e-08
 -1.05919347556351210e-10
0332+5434  12-Mar-25  180000.00   60746.75000000000            26.764100  0.000  0.000
       -15810.606577    1.399541538720 CCERA  360    4  1420.400                
 -1.30919187769351433e-05 -6.92310217319223788e-03 -6.01743679256953630e-08
 -1.23116959254899008e-10
0332+5434  13-Mar-25       0.00   60747.00000000000            26.764100  0.000  0.000
        14418.199848    1.399541538720 CCERA  360    4  1420.400                
 -1.46533971949490690e-05 -6.98924535030072663e-03 -7.10034618952941535e-08
  1.07275714918800660e-10
0332+5434  13-Mar-25   60000.00   60747.25000000000            26.764100  0.000  0.000
        44645.777950    1.399541538720 CCERA  360    4  1420.400                
  1.28410485615645236e-05 -6.98530515810675233e-03  8.54190937605326575e-08
  1.22490982131753761e-10
0332+5434  13-Mar-25  120000.00   60747.50000000000            26.764100  0.000  0.000
        74873.375357    1.399541538720 CCERA  360    4  1420.400                
  1.44950886646809348e-05 -6.90134405869730159e-03  9.52230202588165400e-08
 -1.08032938683254253e-10
0332+5434  13-Mar-25  180000.00   60747.75000000000            26.764100  0.000  0.000
       105100.994235    1.399541538720 CCERA  360    4  1420.400                
 -1.25897112812423121e-05 -6.88792414073150557e-03 -6.09638311195108414e-08
 -1.21265443154199673e-10
0332+5434  14-Mar-25       0.00   60748.00000000000            26.764100  0.000  0.000
       135328.600175    1.399541538720 CCERA  360    4  1420.400                
 -1.41666198254740270e-05 -6.95368795445272352e-03 -6.91042983167983330e-08
  1.09372294592859485e-10
