0332+5434  14-Apr-25       0.00   60779.00000000000            26.764100  0.000  0.000
       -95875.541148    1.399541538720 CCERA  360    4  1420.400                
 -5.96377930972404438e-06 -4.96242862995361581e-03 -2.36742194928519258e-09
  1.55650251863232630e-10
0332+5434  14-Apr-25   60000.00   60779.25000000000            26.764100  0.000  0.000
       -65647.858886    1.399541538720 CCERA  360    4  1420.400                
  1.88735897504683231e-05 -4.90537048303484827e-03  1.36318044458720716e-07
  4.80487209602575742e-11
0332+5434  14-Apr-25  120000.00   60779.50000000000            26.764100  0.000  0.000
       -35418.207856    1.399541538720 CCERA  360    4  1420.400                
  5.23722677021155488e-06 -4.81691819838824236e-03  6.28686319630544417e-08
 -1.55868537612203276e-10
0332+5434  14-Apr-25  180000.00   60779.75000000000            26.764100  0.000  0.000
        -5190.571875    1.399541538720 CCERA  360    4  1420.400                
 -1.85853593090080287e-05 -4.83025627044603861e-03 -7.49745433590460874e-08
 -4.65131533108001910e-11
0332+5434  15-Apr-25       0.00   60780.00000000000            26.764100  0.000  0.000
        25038.920575    1.399541538720 CCERA  360    4  1420.400                
 -5.88684740799553628e-06 -4.87396136502485627e-03 -1.28944047594624224e-10
  1.56463536834624974e-10
0332+5434  15-Apr-25   60000.00   60780.25000000000            26.764100  0.000  0.000
        55267.270451    1.399541538720 CCERA  360    4  1420.400                
  1.84188702639836172e-05 -4.81546335621205017e-03  1.37280774008077251e-07
  4.53617614657207093e-11
0332+5434  15-Apr-25  120000.00   60780.50000000000            26.764100  0.000  0.000
        85495.651786    1.399541538720 CCERA  360    4  1420.400                
  5.46764734689392594e-06 -4.72732617306703858e-03  6.14630480677783204e-08
 -1.56659733156879507e-10
0332+5434  15-Apr-25  180000.00   60780.75000000000            26.764100  0.000  0.000
       115724.047878    1.399541538720 CCERA  360    4  1420.400                
 -1.84996129796627563e-05 -4.74149611993410647e-03 -7.50850238203720470e-08
 -4.38202605272416510e-11
0332+5434  16-Apr-25       0.00   60781.00000000000            26.764100  0.000  0.000
       145952.428642    1.399541538720 CCERA  360    4  1420.400                
 -4.87376479504976331e-06 -4.78427439739868149e-03  2.11676893961768803e-09
  1.57230664309391894e-10
