0332+5434  26-Feb-25       0.00   60732.00000000000            26.764100  0.000  0.000
      -110987.637040    1.399541538720 CCERA  360    4  1420.400                
 -1.71858481972560014e-05 -7.28448679008972082e-03 -9.76290710257455264e-08
  7.24202353745602870e-11
0332+5434  26-Feb-25   60000.00   60732.25000000000            26.764100  0.000  0.000
       -80759.104224    1.399541538720 CCERA  360    4  1420.400                
  8.49622443550946648e-06 -7.30730329630505018e-03  5.10218802875978876e-08
  1.45948474127471953e-10
0332+5434  26-Feb-25  120000.00   60732.50000000000            26.764100  0.000  0.000
       -50532.582713    1.399541538720 CCERA  360    4  1420.400                
  1.73074069222188267e-05 -7.23477367407431883e-03  1.00436324844179820e-07
 -7.33076857367214249e-11
0332+5434  26-Feb-25  180000.00   60732.75000000000            26.764100  0.000  0.000
       -20304.083404    1.399541538720 CCERA  360    4  1420.400                
 -8.83958187269115975e-06 -7.21010061710539163e-03 -4.82415742134141194e-08
 -1.44948714027912998e-10
0332+5434  27-Feb-25       0.00   60733.00000000000            26.764100  0.000  0.000
         9923.573543    1.399541538720 CCERA  360    4  1420.400                
 -1.71850096580182907e-05 -7.28007494002096914e-03 -9.59777808348300317e-08
  7.49247136883174716e-11
0332+5434  27-Feb-25   60000.00   60733.25000000000            26.764100  0.000  0.000
        40151.042619    1.399541538720 CCERA  360    4  1420.400                
  9.15282801798834530e-06 -7.30109066744916591e-03  5.35110278411950511e-08
  1.44675208887692323e-10
0332+5434  27-Feb-25  120000.00   60733.50000000000            26.764100  0.000  0.000
        70378.523580    1.399541538720 CCERA  360    4  1420.400                
  1.74311395583564039e-05 -7.22759169086865851e-03  1.00362312056176975e-07
 -7.57977131090893844e-11
0332+5434  27-Feb-25  180000.00   60733.75000000000            26.764100  0.000  0.000
       100606.026758    1.399541538720 CCERA  360    4  1420.400                
 -9.26177015726877800e-06 -7.20357537821457363e-03 -4.91278514009320577e-08
 -1.43650983323514520e-10
0332+5434  28-Feb-25       0.00   60734.00000000000            26.764100  0.000  0.000
       130833.519219    1.399541538720 CCERA  360    4  1420.400                
 -1.68061031793450403e-05 -7.27335870089831048e-03 -9.42909808316737656e-08
  7.74059647496312190e-11
