0332+5434  26-Apr-25       0.00   60791.00000000000            26.764100  0.000  0.000
       -91997.838761    1.399541538720 CCERA  360    4  1420.400                
 -2.11374815444497665e-06 -3.82101868218297485e-03  2.48940107702611476e-08
  1.62309951695946816e-10
0332+5434  26-Apr-25   60000.00   60791.25000000000            26.764100  0.000  0.000
       -61768.570791    1.399541538720 CCERA  360    4  1420.400                
  1.88929303973495273e-05 -3.74752444697153348e-03  1.45676482594652587e-07
  1.50949704074201523e-11
0332+5434  26-Apr-25  120000.00   60791.50000000000            26.764100  0.000  0.000
       -31539.336305    1.399541538720 CCERA  360    4  1420.400                
  1.64699091788322693e-06 -3.66416030402386432e-03  4.54346152635404538e-08
 -1.62263437631127489e-10
0332+5434  26-Apr-25  180000.00   60791.75000000000            26.764100  0.000  0.000
        -1310.113219    1.399541538720 CCERA  360    4  1420.400                
 -1.93021258945241647e-05 -3.68676451202884330e-03 -7.42964840764645372e-08
 -1.35253023618969153e-11
0332+5434  27-Apr-25       0.00   60792.00000000000            26.764100  0.000  0.000
        28918.875153    1.399541538720 CCERA  360    4  1420.400                
 -1.07097106099433118e-06 -3.71819187666629558e-03  2.71618217780952463e-08
  1.62551237348362107e-10
0332+5434  27-Apr-25   60000.00   60792.25000000000            26.764100  0.000  0.000
        59147.644468    1.399541538720 CCERA  360    4  1420.400                
  1.96791474543423417e-05 -3.64344171222701421e-03  1.46203749571791384e-07
  1.22953765198539136e-11
0332+5434  27-Apr-25  120000.00   60792.50000000000            26.764100  0.000  0.000
        89376.447398    1.399541538720 CCERA  360    4  1420.400                
  1.59976396868748335e-06 -3.56065082818796596e-03  4.39013865414622723e-08
 -1.62492173787178423e-10
0332+5434  27-Apr-25  180000.00   60792.75000000000            26.764100  0.000  0.000
       119605.261404    1.399541538720 CCERA  360    4  1420.400                
 -1.93173598524295299e-05 -3.58397844120288914e-03 -7.40843069273598363e-08
 -1.07361000081599484e-11
0332+5434  28-Apr-25       0.00   60793.00000000000            26.764100  0.000  0.000
       149834.060491    1.399541538720 CCERA  360    4  1420.400                
 -1.46807981610363937e-06 -3.61430829636531130e-03  2.94057958091048562e-08
  1.62743012471673719e-10
