0332+5434  13-Nov-24       0.00   60627.00000000000            26.764100  0.000  0.000
       -97054.579042    1.399541538720 CCERA  360    4  1420.400                
 -4.70826816290669859e-06  1.40247129927153764e-03 -6.50940430715850416e-08
 -1.58966411418851224e-10
0332+5434  13-Nov-24   60000.00   60627.25000000000            26.764100  0.000  0.000
       -66823.166423    1.399541538720 CCERA  360    4  1420.400                
 -1.85216151584545890e-05  1.30958255895852172e-03 -1.48274857602838517e-07
  3.68022195688266194e-11
0332+5434  13-Nov-24  120000.00   60627.50000000000            26.764100  0.000  0.000
       -36593.719555    1.399541538720 CCERA  360    4  1420.400                
  4.08882607190752714e-06  1.24072634358655758e-03 -1.52136849810875264e-08
  1.58583764194959968e-10
0332+5434  13-Nov-24  180000.00   60627.75000000000            26.764100  0.000  0.000
        -6362.267754    1.399541538720 CCERA  360    4  1420.400                
  1.91013902688665423e-05  1.27544187685793608e-03  6.67515244127978225e-08
 -3.82317997921250905e-11
0332+5434  14-Nov-24       0.00   60628.00000000000            26.764100  0.000  0.000
        23868.829082    1.399541538720 CCERA  360    4  1420.400                
 -4.57447573391791431e-06  1.28518299400290142e-03 -6.70854375283453557e-08
 -1.58320551525579152e-10
