0332+5434  08-Jan-25       0.00   60683.00000000000            26.764100  0.000  0.000
        -6122.479122    1.399541538720 CCERA  360    4  1420.400                
 -1.84498823413003574e-05 -4.99929212513661268e-03 -1.33697336683941793e-07
 -6.08924516333524030e-11
0332+5434  08-Jan-25   60000.00   60683.25000000000            26.764100  0.000  0.000
        24106.758678    1.399541538720 CCERA  360    4  1420.400                
 -7.54651899071228032e-06 -5.09079546851902692e-03 -7.20308386644089376e-08
  1.51501942314669473e-10
0332+5434  08-Jan-25  120000.00   60683.50000000000            26.764100  0.000  0.000
        54335.021153    1.399541538720 CCERA  360    4  1420.400                
  1.85660102499579917e-05 -5.08333255727118436e-03  7.18537813341205658e-08
  5.98442668198673835e-11
0332+5434  08-Jan-25  180000.00   60683.75000000000            26.764100  0.000  0.000
        84563.298260    1.399541538720 CCERA  360    4  1420.400                
  6.77467459707901693e-06 -5.03676776954317673e-03  9.22485894054135886e-09
 -1.51761988701943902e-10
0332+5434  09-Jan-25       0.00   60684.00000000000            26.764100  0.000  0.000
       114791.576201    1.399541538720 CCERA  360    4  1420.400                
 -1.78753584349247302e-05 -5.08930754701910747e-03 -1.33846254882012881e-07
 -5.82847980982852339e-11
