0332+5434  11-Feb-25       0.00   60717.00000000000            26.764100  0.000  0.000
      -115773.394053    1.399541538720 CCERA  360    4  1420.400                
 -1.93894104287814357e-05 -7.09305373615119750e-03 -1.17675376691916797e-07
  3.27217332628346717e-11
0332+5434  11-Feb-25   60000.00   60717.25000000000            26.764100  0.000  0.000
       -85546.926039    1.399541538720 CCERA  360    4  1420.400                
  3.91131825781064334e-06 -7.14105238192287804e-03  1.33081149007199774e-08
  1.59692090924954238e-10
0332+5434  11-Feb-25  120000.00   60717.50000000000            26.764100  0.000  0.000
       -55318.460599    1.399541538720 CCERA  360    4  1420.400                
  1.88839975407228714e-05 -7.08473168433997481e-03  9.90071379976854614e-08
 -3.37782646365278872e-11
0332+5434  11-Feb-25  180000.00   60717.75000000000            26.764100  0.000  0.000
       -25090.016623    1.399541538720 CCERA  360    4  1420.400                
 -4.06094668157424322e-06 -7.05045290403503912e-03 -3.23709894667060936e-08
 -1.59084383691706948e-10
0332+5434  12-Feb-25       0.00   60718.00000000000            26.764100  0.000  0.000
         5137.565169    1.399541538720 CCERA  360    4  1420.400                
 -1.93336830727792302e-05 -7.12005723298863615e-03 -1.16597373219812340e-07
  3.54637711768823427e-11
0332+5434  12-Feb-25   60000.00   60718.25000000000            26.764100  0.000  0.000
        35365.087683    1.399541538720 CCERA  360    4  1420.400                
  4.00457148957611197e-06 -7.16647944788148614e-03  1.58477103779675193e-08
  1.59096340102400545e-10
0332+5434  12-Feb-25  120000.00   60718.50000000000            26.764100  0.000  0.000
        65592.613357    1.399541538720 CCERA  360    4  1420.400                
  1.84613660240750983e-05 -7.10897143156362290e-03  9.92772112910682947e-08
 -3.65152226223721226e-11
0332+5434  12-Feb-25  180000.00   60718.75000000000            26.764100  0.000  0.000
        95820.160581    1.399541538720 CCERA  360    4  1420.400                
 -4.84521832338466506e-06 -7.07529293989414988e-03 -3.35429070467384953e-08
 -1.58464823050244101e-10
0332+5434  13-Feb-25       0.00   60719.00000000000            26.764100  0.000  0.000
       126047.700094    1.399541538720 CCERA  360    4  1420.400                
 -1.85534385078071531e-05 -7.14509288509076329e-03 -1.15486929032667600e-07
  3.81960577403467653e-11
