0332+5434  31-Oct-24       0.00   60614.00000000000            26.764100  0.000  0.000
       -59859.330963    1.399541538720 CCERA  360    4  1420.400                
  1.13905278119979017e-07  2.87119219097602520e-03 -3.72299130418720533e-08
 -1.63089505844794772e-10
0332+5434  31-Oct-24   60000.00   60614.25000000000            26.764100  0.000  0.000
       -29628.450043    1.399541538720 CCERA  360    4  1420.400                
 -1.90106089524940066e-05  2.79112301244821993e-03 -1.47842070661858598e-07
  6.19101763618646532e-13
0332+5434  31-Oct-24  120000.00   60614.50000000000            26.764100  0.000  0.000
          603.535097    1.399541538720 CCERA  360    4  1420.400                
 -3.12048717813308380e-07  2.71144709701897279e-03 -3.64619965878270395e-08
  1.62905226158917558e-10
0332+5434  31-Oct-24  180000.00   60614.75000000000            26.764100  0.000  0.000
        30834.610662    1.399541538720 CCERA  360    4  1420.400                
  1.90010445328784528e-05  2.73815851382874049e-03  7.30000928182312013e-08
 -2.19699409011555948e-12
0332+5434  01-Nov-24       0.00   60615.00000000000            26.764100  0.000  0.000
        61065.700855    1.399541538720 CCERA  360    4  1420.400                
 -1.87997738978871868e-07  2.76342420828718524e-03 -3.95111269198947307e-08
 -1.63060863179445891e-10
