0332+5434  27-Mar-25       0.00   60761.00000000000            26.764100  0.000  0.000
      -101668.773307    1.399541538720 CCERA  360    4  1420.400                
 -1.15471532390110085e-05 -6.32260059170304707e-03 -4.22377367691013031e-08
  1.33486431966850974e-10
0332+5434  27-Mar-25   60000.00   60761.25000000000            26.764100  0.000  0.000
       -71440.595864    1.399541538720 CCERA  360    4  1420.400                
  1.61133032521411783e-05 -6.29413288175552799e-03  1.12145353279254507e-07
  9.32880403626186239e-11
0332+5434  27-Mar-25  120000.00   60761.50000000000            26.764100  0.000  0.000
       -41212.443967    1.399541538720 CCERA  360    4  1420.400                
  1.12062211165593775e-05 -6.20471677795964276e-03  8.43923803348786655e-08
 -1.33979328568181999e-10
0332+5434  27-Mar-25  180000.00   60761.75000000000            26.764100  0.000  0.000
       -10984.311507    1.399541538720 CCERA  360    4  1420.400                
 -1.63799241021055166e-05 -6.20278741434392676e-03 -6.94177886065746056e-08
 -9.18261804388426436e-11
0332+5434  28-Mar-25       0.00   60762.00000000000            26.764100  0.000  0.000
        19244.164597    1.399541538720 CCERA  360    4  1420.400                
 -1.12562861493988049e-05 -6.26081334756088768e-03 -4.00077934138487706e-08
  1.35078231301224263e-10
0332+5434  28-Mar-25   60000.00   60762.25000000000            26.764100  0.000  0.000
        49472.009724    1.399541538720 CCERA  360    4  1420.400                
  1.62645265736474775e-05 -6.23059650728895100e-03  1.13882840625176797e-07
  9.09726654760855891e-11
0332+5434  28-Mar-25  120000.00   60762.50000000000            26.764100  0.000  0.000
        79699.880806    1.399541538720 CCERA  360    4  1420.400                
  1.05011527528543192e-05 -6.14094368545690591e-03  8.34814986699627592e-08
 -1.35553612303149472e-10
0332+5434  28-Mar-25  180000.00   60762.75000000000            26.764100  0.000  0.000
       109927.771149    1.399541538720 CCERA  360    4  1420.400                
 -1.63548783690386498e-05 -6.13980598852414353e-03 -6.98163627765525112e-08
 -8.95003757507487793e-11
0332+5434  29-Mar-25       0.00   60763.00000000000            26.764100  0.000  0.000
       140155.646980    1.399541538720 CCERA  360    4  1420.400                
 -1.02811805141113986e-05 -6.19710475720924511e-03 -3.77662240098299041e-08
  1.36628624865945842e-10
