0332+5434  23-Dec-24       0.00   60667.00000000000            26.764100  0.000  0.000
       -11313.367157    1.399541538720 CCERA  360    4  1420.400                
 -1.55498627613689725e-05 -3.36564878857244145e-03 -1.25683876903063041e-07
 -9.97316737600776959e-11
0332+5434  23-Dec-24   60000.00   60667.25000000000            26.764100  0.000  0.000
        18916.233912    1.399541538720 CCERA  360    4  1420.400                
 -1.18101891230041857e-05 -3.46770018204177769e-03 -1.05540193697696383e-07
  1.29340413288853087e-10
0332+5434  23-Dec-24  120000.00   60667.50000000000            26.764100  0.000  0.000
        49145.075925    1.399541538720 CCERA  360    4  1420.400                
  1.58106084182817144e-05 -3.48526702440364903e-03  4.97668280002607766e-08
  9.87552463721647383e-11
0332+5434  23-Dec-24  180000.00   60667.75000000000            26.764100  0.000  0.000
        79373.927422    1.399541538720 CCERA  360    4  1420.400                
  1.16418914379447497e-05 -3.43832528044643463e-03  2.84353941909679151e-08
 -1.30051587190312854e-10
0332+5434  24-Dec-24       0.00   60668.00000000000            26.764100  0.000  0.000
       109602.783704    1.399541538720 CCERA  360    4  1420.400                
 -1.52803754770573502e-05 -3.47631544144294449e-03 -1.26537664649451385e-07
 -9.74963104517837573e-11
