0332+5434  21-Apr-25       0.00   60786.00000000000            26.764100  0.000  0.000
       -93614.124188    1.399541538720 CCERA  360    4  1420.400                
 -3.08714127154504701e-06 -4.31768436944099127e-03  1.34482787677641448e-08
  1.60365687906202400e-10
0332+5434  21-Apr-25   60000.00   60786.25000000000            26.764100  0.000  0.000
       -63386.676035    1.399541538720 CCERA  360    4  1420.400                
  1.91705756402414379e-05 -4.25080294923366620e-03  1.42366001290254656e-07
  2.89887757150505116e-11
0332+5434  21-Apr-25  120000.00   60786.50000000000            26.764100  0.000  0.000
       -33157.260558    1.399541538720 CCERA  360    4  1420.400                
  3.38596975484820697e-06 -4.16497617828261689e-03  5.28363200011348920e-08
 -1.60423011573990773e-10
0332+5434  21-Apr-25  180000.00   60786.75000000000            26.764100  0.000  0.000
        -2929.858033    1.399541538720 CCERA  360    4  1420.400                
 -1.88599471891214616e-05 -4.18391457433594464e-03 -7.51038598527667781e-08
 -2.74167029397301801e-11
0332+5434  22-Apr-25       0.00   60787.00000000000            26.764100  0.000  0.000
        27300.440273    1.399541538720 CCERA  360    4  1420.400                
 -3.26480346697187601e-06 -4.22074773351657686e-03  1.57339946187988263e-08
  1.60851237234550219e-10
0332+5434  22-Apr-25   60000.00   60787.25000000000            26.764100  0.000  0.000
        57529.027297    1.399541538720 CCERA  360    4  1420.400                
  1.94911422292964762e-05 -4.15251222067800248e-03  1.43100557347399300e-07
  2.62253391001001055e-11
0332+5434  22-Apr-25  120000.00   60787.50000000000            26.764100  0.000  0.000
        87757.647176    1.399541538720 CCERA  360    4  1420.400                
  3.01252196029621165e-06 -4.06713622172380929e-03  5.13746198676532193e-08
 -1.60884840161516262e-10
0332+5434  22-Apr-25  180000.00   60787.75000000000            26.764100  0.000  0.000
       117986.279701    1.399541538720 CCERA  360    4  1420.400                
 -1.92979648717335041e-05 -4.08682702326661814e-03 -7.49956156382138205e-08
 -2.46494627485407809e-11
0332+5434  23-Apr-25       0.00   60788.00000000000            26.764100  0.000  0.000
       148214.897030    1.399541538720 CCERA  360    4  1420.400                
 -2.75426392760279243e-06 -4.12260523782829666e-03  1.80247897860633435e-08
  1.61288985523671808e-10
