0953+0755  31-Oct-24       0.00   60614.00000000000             2.958000  0.000  0.000
      -171096.478378    3.951551372963 CCERA  360    4  1420.400                
  9.38180715571582449e-05  2.23178868585555482e-02  5.81673755530386577e-07
  6.65571866711172784e-11
0953+0755  31-Oct-24   60000.00   60614.25000000000             2.958000  0.000  0.000
       -85734.090351    3.951551372963 CCERA  360    4  1420.400                
  7.83305777749118854e-06  2.26303310289850124e-02  9.16766784320657137e-08
 -7.86347772851487894e-10
0953+0755  31-Oct-24  120000.00   60614.50000000000             2.958000  0.000  0.000
         -373.724408    3.951551372963 CCERA  360    4  1420.400                
 -9.37907018539482047e-05  2.24291177786940382e-02 -4.85131315542338371e-07
 -6.09248889913104349e-11
0953+0755  31-Oct-24  180000.00   60614.75000000000             2.958000  0.000  0.000
        84989.253424    3.951551372963 CCERA  360    4  1420.400                
 -7.29646882717324115e-06  2.21880423427903428e-02  8.60343670012560696e-09
  7.85737315209574428e-10
0953+0755  01-Nov-24       0.00   60615.00000000000             2.958000  0.000  0.000
       170350.786170    3.951551372963 CCERA  360    4  1420.400                
  9.36792940918503415e-05  2.24600850261328332e-02  5.79937785250418835e-07
  5.30288537936040076e-11
