0332+5434  30-Mar-25       0.00   60764.00000000000            26.764100  0.000  0.000
      -100705.498119    1.399541538720 CCERA  360    4  1420.400                
 -1.02212009043848396e-05 -6.13150501516819893e-03 -3.55213019996322235e-08
  1.38136544087708696e-10
0332+5434  30-Mar-25   60000.00   60764.25000000000            26.764100  0.000  0.000
       -70477.390448    1.399541538720 CCERA  360    4  1420.400                
  1.61949513461545313e-05 -6.09782516284630791e-03  1.17242466162509658e-07
  8.62565464914412152e-11
0332+5434  30-Mar-25  120000.00   60764.50000000000            26.764100  0.000  0.000
       -40249.309521    1.399541538720 CCERA  360    4  1420.400                
  1.01957428665905733e-05 -6.00779048362231824e-03  8.15665163085966778e-08
 -1.38586593442503087e-10
0332+5434  30-Mar-25  180000.00   60764.75000000000            26.764100  0.000  0.000
       -10021.247484    1.399541538720 CCERA  360    4  1420.400                
 -1.67784776119719455e-05 -6.00825292239066597e-03 -7.05765320224160060e-08
 -8.47751871358349447e-11
0332+5434  31-Mar-25       0.00   60765.00000000000            26.764100  0.000  0.000
        20207.170817    1.399541538720 CCERA  360    4  1420.400                
 -1.00233160118321929e-05 -6.06406683892708048e-03 -3.32809619227251841e-08
  1.39602302542000105e-10
0332+5434  31-Mar-25   60000.00   60765.25000000000            26.764100  0.000  0.000
        50435.087745    1.399541538720 CCERA  360    4  1420.400                
  1.64667950018184367e-05 -6.02868476661005959e-03  1.18849005521880530e-07
  8.38576570769081189e-11
0332+5434  31-Mar-25  120000.00   60765.50000000000            26.764100  0.000  0.000
        80663.031795    1.399541538720 CCERA  360    4  1420.400                
  1.01136216540429734e-05 -5.93851538824672481e-03  8.05489353491054279e-08
 -1.40043767180076675e-10
0332+5434  31-Mar-25  180000.00   60765.75000000000            26.764100  0.000  0.000
       110890.994535    1.399541538720 CCERA  360    4  1420.400                
 -1.72084472327471251e-05 -5.93979565351408691e-03 -7.09511391623598039e-08
 -8.23764372834706299e-11
0332+5434  01-Apr-25       0.00   60766.00000000000            26.764100  0.000  0.000
       141118.942585    1.399541538720 CCERA  360    4  1420.400                
 -9.61194308953158026e-06 -5.99486149912983185e-03 -3.10508213911957780e-08
  1.41025841611822537e-10
