0332+5434  11-Dec-24       0.00   60655.00000000000            26.764100  0.000  0.000
       -15257.606492    1.399541538720 CCERA  360    4  1420.400                
 -1.29066089362483980e-05 -1.98408386556723397e-03 -1.12692964008484759e-07
 -1.24042302718179834e-10
0332+5434  11-Dec-24   60000.00   60655.25000000000            26.764100  0.000  0.000
        14972.970951    1.399541538720 CCERA  360    4  1420.400                
 -1.47861393571917701e-05 -2.08850227985554575e-03 -1.24830103767111726e-07
  1.06240127446611087e-10
0332+5434  11-Dec-24  120000.00   60655.50000000000            26.764100  0.000  0.000
        45202.306311    1.399541538720 CCERA  360    4  1420.400                
  1.26569624595348983e-05 -2.12352571085743565e-03  3.14185085212811755e-08
  1.23231239529337866e-10
0332+5434  11-Dec-24  180000.00   60655.75000000000            26.764100  0.000  0.000
        75431.647004    1.399541538720 CCERA  360    4  1420.400                
  1.41789403079264106e-05 -2.07805673789074980e-03  4.23228514032634295e-08
 -1.07197016773622075e-10
0332+5434  12-Dec-24       0.00   60656.00000000000            26.764100  0.000  0.000
       105660.995434    1.399541538720 CCERA  360    4  1420.400                
 -1.30978195410201304e-05 -2.10259494928706882e-03 -1.13908177231460352e-07
 -1.22206098284109806e-10
