0332+5434  18-Jan-25       0.00   60693.00000000000            26.764100  0.000  0.000
        -2902.819985    1.399541538720 CCERA  360    4  1420.400                
 -1.95086825527950932e-05 -5.83051377374991554e-03 -1.33915367982755074e-07
 -3.41192487389822209e-11
0332+5434  18-Jan-25   60000.00   60693.25000000000            26.764100  0.000  0.000
        27326.801523    1.399541538720 CCERA  360    4  1420.400                
 -3.73544827372376926e-06 -5.91209179808983680e-03 -4.85018785537590329e-08
  1.59602009580533746e-10
0332+5434  18-Jan-25  120000.00   60693.50000000000            26.764100  0.000  0.000
        57554.771374    1.399541538720 CCERA  360    4  1420.400                
  1.94569352811221265e-05 -5.88941282987592504e-03  8.26223153680083017e-08
  3.30069951098924515e-11
0332+5434  18-Jan-25  180000.00   60693.75000000000            26.764100  0.000  0.000
        87782.758437    1.399541538720 CCERA  360    4  1420.400                
  3.80928460851124385e-06 -5.84515977557341793e-03 -3.63678062668865957e-09
 -1.59623707709790902e-10
0332+5434  19-Jan-25       0.00   60694.00000000000            26.764100  0.000  0.000
       118010.743709    1.399541538720 CCERA  360    4  1420.400                
 -1.90752938859326450e-05 -5.90514539794984722e-03 -1.33734962719395055e-07
 -3.13701901833066072e-11
