0332+5434  31-Jan-25  230000.00   60706.95833333334            26.764100  0.000  0.000
      -124025.518643    1.399541538720 CCERA  360    4  1420.400                
 -1.90592064213293314e-05 -6.69526335900963009e-03 -1.24184817157599686e-07
 -3.75127090385791882e-11
0332+5434  01-Feb-25   50000.00   60707.20833333334            26.764100  0.000  0.000
       -93797.189978    1.399541538720 CCERA  360    4  1420.400                
 -4.48522138991305179e-06 -6.77106806511135802e-03 -4.15855967186654908e-08
  1.58882139160077438e-10
0332+5434  01-Feb-25  110000.00   60707.45833333334            26.764100  0.000  0.000
       -63570.851509    1.399541538720 CCERA  360    4  1420.400                
  1.87386987387793196e-05 -6.74308015556891564e-03  9.14141180811157844e-08
  3.65001702063794799e-11
0332+5434  01-Feb-25  170000.00   60707.70833333334            26.764100  0.000  0.000
       -33342.532550    1.399541538720 CCERA  360    4  1420.400                
  3.92536190234179538e-06 -6.69123090681962140e-03  8.05354897743360698e-09
 -1.58841622297297588e-10
0332+5434  01-Feb-25  230000.00   60707.95833333334            26.764100  0.000  0.000
        -3114.214739    1.399541538720 CCERA  360    4  1420.400                
 -1.87186477497675060e-05 -6.74310389059180719e-03 -1.23846205003589499e-07
 -3.47793038473511016e-11
0332+5434  02-Feb-25   50000.00   60708.20833333334            26.764100  0.000  0.000
        27113.869021    1.399541538720 CCERA  360    4  1420.400                
 -4.57625743973292914e-06 -6.81767034129635453e-03 -3.89682957250748605e-08
  1.59494988489112614e-10
0332+5434  02-Feb-25  110000.00   60708.45833333334            26.764100  0.000  0.000
        57341.514104    1.399541538720 CCERA  360    4  1420.400                
  1.88945946557174243e-05 -6.78804391639583563e-03  9.25836865021016787e-08
  3.37612173347308807e-11
0332+5434  02-Feb-25  170000.00   60708.70833333334            26.764100  0.000  0.000
        87569.178985    1.399541538720 CCERA  360    4  1420.400                
  3.49131756418920313e-06 -6.73634514555302658e-03  6.95610752656061552e-09
 -1.59431928596088671e-10
0332+5434  02-Feb-25  230000.00   60708.95833333334            26.764100  0.000  0.000
       117796.844802    1.399541538720 CCERA  360    4  1420.400                
 -1.93474873680537609e-05 -6.78875427918160333e-03 -1.23477853920490594e-07
 -3.20368852812083969e-11
0332+5434  03-Feb-25   50000.00   60709.20833333334            26.764100  0.000  0.000
       148024.482821    1.399541538720 CCERA  360    4  1420.400                
 -3.57179935316852306e-06 -6.86206583857138820e-03 -3.63476187412052262e-08
  1.60059547746704616e-10
