0332+5434  05-Apr-25       0.00   60770.00000000000            26.764100  0.000  0.000
       -98770.148324    1.399541538720 CCERA  360    4  1420.400                
 -8.23399061958239044e-06 -5.70195218953876114e-03 -2.22352132494682349e-08
  1.46303783024970794e-10
0332+5434  05-Apr-25   60000.00   60770.25000000000            26.764100  0.000  0.000
       -68542.197169    1.399541538720 CCERA  360    4  1420.400                
  1.73834252210765466e-05 -5.65843440819490187e-03  1.26057005802769858e-07
  7.15089307152004522e-11
0332+5434  05-Apr-25  120000.00   60770.50000000000            26.764100  0.000  0.000
       -38314.274829    1.399541538720 CCERA  360    4  1420.400                
  8.01146773071188028e-06 -5.56819814054249681e-03  7.48264827253800100e-08
 -1.46694542005515935e-10
0332+5434  05-Apr-25  180000.00   60770.75000000000            26.764100  0.000  0.000
        -8086.370019    1.399541538720 CCERA  360    4  1420.400                
 -1.73170441312702972e-05 -5.57375863792271883e-03 -7.27835963727821006e-08
 -7.00242182219974140e-11
0332+5434  06-Apr-25       0.00   60771.00000000000            26.764100  0.000  0.000
        22142.450219    1.399541538720 CCERA  360    4  1420.400                
 -8.03495009008568431e-06 -5.62504033789879617e-03 -2.00435119508215787e-08
  1.47518223082767731e-10
0332+5434  06-Apr-25   60000.00   60771.25000000000            26.764100  0.000  0.000
        52370.527055    1.399541538720 CCERA  360    4  1420.400                
  1.72887161713694763e-05 -5.57995986848649778e-03  1.27351132073594261e-07
  6.89750634415404714e-11
0332+5434  06-Apr-25  120000.00   60771.50000000000            26.764100  0.000  0.000
        82598.633009    1.399541538720 CCERA  360    4  1420.400                
  7.98540824213723952e-06 -5.48981621247512930e-03  7.35796045628634327e-08
 -1.47893402546491404e-10
0332+5434  06-Apr-25  180000.00   60771.75000000000            26.764100  0.000  0.000
       112826.756238    1.399541538720 CCERA  360    4  1420.400                
 -1.80624263631239388e-05 -5.49625274776149256e-03 -7.31177187445429163e-08
 -6.74861066251320985e-11
0332+5434  07-Apr-25       0.00   60772.00000000000            26.764100  0.000  0.000
       143054.864420    1.399541538720 CCERA  360    4  1420.400                
 -7.60493553672661448e-06 -5.54675312666592056e-03 -1.78508045821684570e-08
  1.48689544937670643e-10
