0332+5434  13-Apr-25       0.00   60778.00000000000            26.764100  0.000  0.000
       -96195.160648    1.399541538720 CCERA  360    4  1420.400                
 -6.04036009358243403e-06 -5.04966986242674776e-03 -4.59863366054514019e-09
  1.54791145135820444e-10
0332+5434  13-Apr-25   60000.00   60778.25000000000            26.764100  0.000  0.000
       -65967.446689    1.399541538720 CCERA  360    4  1420.400                
  1.84872371582049779e-05 -4.99406367104694021e-03  1.35321708074442469e-07
  5.07215598092122419e-11
0332+5434  13-Apr-25  120000.00   60778.50000000000            26.764100  0.000  0.000
       -35739.763725    1.399541538720 CCERA  360    4  1420.400                
  5.83915602890445086e-06 -4.90531755084143775e-03  6.42625046589821818e-08
 -1.55031179311748626e-10
0332+5434  13-Apr-25  180000.00   60778.75000000000            26.764100  0.000  0.000
        -5510.096102    1.399541538720 CCERA  360    4  1420.400                
 -1.88280352235138673e-05 -4.91781478296563195e-03 -7.48348166968974714e-08
 -4.91919767591399054e-11
0332+5434  14-Apr-25       0.00   60779.00000000000            26.764100  0.000  0.000
        24718.413173    1.399541538720 CCERA  360    4  1420.400                
 -5.69539412293262752e-06 -4.96242862995361581e-03 -2.36742194928519258e-09
  1.55650251863232630e-10
0332+5434  14-Apr-25   60000.00   60779.25000000000            26.764100  0.000  0.000
        54946.730912    1.399541538720 CCERA  360    4  1420.400                
  1.81419749372597157e-05 -4.90537048303484827e-03  1.36318044458720716e-07
  4.80487209602575742e-11
0332+5434  14-Apr-25  120000.00   60779.50000000000            26.764100  0.000  0.000
        85175.079881    1.399541538720 CCERA  360    4  1420.400                
  5.50561195700297851e-06 -4.81691819838824236e-03  6.28686319630544417e-08
 -1.55868537612203276e-10
0332+5434  14-Apr-25  180000.00   60779.75000000000            26.764100  0.000  0.000
       115403.443900    1.399541538720 CCERA  360    4  1420.400                
 -1.83169741222166389e-05 -4.83025627044603861e-03 -7.49745433590460874e-08
 -4.65131533108001910e-11
0332+5434  15-Apr-25       0.00   60780.00000000000            26.764100  0.000  0.000
       145631.792600    1.399541538720 CCERA  360    4  1420.400                
 -5.61846222120411942e-06 -4.87396136502485627e-03 -1.28944047594624224e-10
  1.56463536834624974e-10
