0332+5434  23-Mar-25       0.00   60757.00000000000            26.764100  0.000  0.000
      -102975.938658    1.399541538720 CCERA  360    4  1420.400                
 -1.17832608209748461e-05 -6.55052281087675509e-03 -5.09416270321626987e-08
  1.26722676559268131e-10
0332+5434  23-Mar-25   60000.00   60757.25000000000            26.764100  0.000  0.000
       -72747.677865    1.399541538720 CCERA  360    4  1420.400                
  1.52777678444787577e-05 -6.52907245367019117e-03  1.04945835106064370e-07
  1.02259504367692667e-10
0332+5434  23-Mar-25  120000.00   60757.50000000000            26.764100  0.000  0.000
       -42519.440928    1.399541538720 CCERA  360    4  1420.400                
  1.23182540589934759e-05 -6.44081461798183628e-03  8.78517344914214897e-08
 -1.27299657910368970e-10
0332+5434  23-Mar-25  180000.00   60757.75000000000            26.764100  0.000  0.000
       -12291.224087    1.399541538720 CCERA  360    4  1420.400                
 -1.49647722547490073e-05 -6.43568116187542318e-03 -6.75614480574990077e-08
 -1.00861129890027017e-10
0332+5434  24-Mar-25       0.00   60758.00000000000            26.764100  0.000  0.000
        17936.993103    1.399541538720 CCERA  360    4  1420.400                
 -1.19614475325491403e-05 -6.49640428415272468e-03 -4.88025200987028993e-08
  1.28471211394645626e-10
0332+5434  24-Mar-25   60000.00   60758.25000000000            26.764100  0.000  0.000
        48164.752115    1.399541538720 CCERA  360    4  1420.400                
  1.56919106405489596e-05 -6.47320013559938429e-03  1.06777951289281471e-07
  1.00060552045405440e-10
0332+5434  24-Mar-25  120000.00   60758.50000000000            26.764100  0.000  0.000
        78392.535413    1.399541538720 CCERA  360    4  1420.400                
  1.20136760211869139e-05 -6.38462453159909394e-03  8.70098776181426486e-08
 -1.29026951629762479e-10
0332+5434  24-Mar-25  180000.00   60758.75000000000            26.764100  0.000  0.000
       108620.338647    1.399541538720 CCERA  360    4  1420.400                
 -1.55235251481910600e-05 -6.38030135062410755e-03 -6.80708467637158071e-08
 -9.86450440633149230e-11
0332+5434  25-Mar-25       0.00   60759.00000000000            26.764100  0.000  0.000
       138848.127651    1.399541538720 CCERA  360    4  1420.400                
 -1.21189633215822172e-05 -6.44038722278583459e-03 -4.66382707983688701e-08
  1.30181892510301798e-10
