0332+5434  24-Jan-25       0.00   60699.00000000000            26.764100  0.000  0.000
         -953.502005    1.399541538720 CCERA  360    4  1420.400                
 -1.90128091354751170e-05 -6.25295057621183450e-03 -1.32151300517837040e-07
 -1.75004720969900081e-11
0332+5434  24-Jan-25   60000.00   60699.25000000000            26.764100  0.000  0.000
        29275.332440    1.399541538720 CCERA  360    4  1420.400                
 -1.97527901153170815e-06 -6.32739328211303319e-03 -3.36371141761565771e-08
  1.62229260572584764e-10
0332+5434  24-Jan-25  120000.00   60699.50000000000            26.764100  0.000  0.000
        59503.154603    1.399541538720 CCERA  360    4  1420.400                
  1.88999385459993477e-05 -6.29586067968532833e-03  8.79643918711625948e-08
  1.64035003600991797e-11
0332+5434  24-Jan-25  180000.00   60699.75000000000            26.764100  0.000  0.000
        89730.995294    1.399541538720 CCERA  360    4  1420.400                
  2.17377667103448146e-06 -6.25359582260592763e-03 -1.12723233660348859e-08
 -1.62069905920083186e-10
0332+5434  25-Jan-25       0.00   60700.00000000000            26.764100  0.000  0.000
       119958.832655    1.399541538720 CCERA  360    4  1420.400                
 -1.98088344083242623e-05 -6.31716493901767796e-03 -1.31694691192004614e-07
 -1.47071686590558981e-11
