1921+2153  23-Nov-24       0.00   60637.00000000000            12.400000  0.000  0.000
       -32403.549061    0.747774160372 CCERA  360    4  1420.400                
 -9.58029373094951579e-06 -2.76729281558612834e-03 -4.22663765351249065e-08
  1.15449484383902030e-10
1921+2153  23-Nov-24   60000.00   60637.25000000000            12.400000  0.000  0.000
       -16252.475185    0.747774160372 CCERA  360    4  1420.400                
  1.41817428047771688e-05 -2.74718804447709498e-03  8.96329286690066556e-08
  7.82730940884192945e-11
1921+2153  23-Nov-24  120000.00   60637.50000000000            12.400000  0.000  0.000
         -101.421495    0.747774160372 CCERA  360    4  1420.400                
  9.06699493585230373e-06 -2.67595200314580664e-03  6.39350091647494461e-08
 -1.15981164634082765e-10
1921+2153  23-Nov-24  180000.00   60637.75000000000            12.400000  0.000  0.000
        16050.382329    0.747774160372 CCERA  360    4  1420.400                
 -1.34670427574989473e-05 -2.68045797362830539e-03 -6.75904426115256407e-08
 -7.71339960070226107e-11
1921+2153  24-Nov-24       0.00   60638.00000000000            12.400000  0.000  0.000
        32201.328710    0.747774160372 CCERA  360    4  1420.400                
 -8.94603834448184968e-06 -2.73533370160224370e-03 -4.06084110822923253e-08
  1.16786089683927072e-10
