0332+5434  22-Dec-24       0.00   60666.00000000000            26.764100  0.000  0.000
       -11632.415597    1.399541538720 CCERA  360    4  1420.400                
 -1.56044357642806489e-05 -3.25416058489688470e-03 -1.24787150185750705e-07
 -1.01937662279765259e-10
0332+5434  22-Dec-24   60000.00   60666.25000000000            26.764100  0.000  0.000
        18597.322487    1.399541538720 CCERA  360    4  1420.400                
 -1.23779285280142579e-05 -3.35656989752232231e-03 -1.07322598482195738e-07
  1.27610459601473758e-10
0332+5434  22-Dec-24  120000.00   60666.50000000000            26.764100  0.000  0.000
        48826.204231    1.399541538720 CCERA  360    4  1420.400                
  1.54576935427328342e-05 -3.37562507852057778e-03  4.83143377627245121e-08
  1.00968128851087134e-10
0332+5434  22-Dec-24  180000.00   60666.75000000000            26.764100  0.000  0.000
        79055.095128    1.399541538720 CCERA  360    4  1420.400                
  1.16425936819180943e-05 -3.32872688900900894e-03  2.96506243517108879e-08
 -1.28348554531256833e-10
0332+5434  23-Dec-24       0.00   60667.00000000000            26.764100  0.000  0.000
       109283.991066    1.399541538720 CCERA  360    4  1420.400                
 -1.50577007051017280e-05 -3.36564878857244145e-03 -1.25683876903063041e-07
 -9.97316737600776959e-11
