0332+5434  10-Apr-25       0.00   60775.00000000000            26.764100  0.000  0.000
       -97182.160782    1.399541538720 CCERA  360    4  1420.400                
 -6.62214109007009480e-06 -5.30394683862460414e-03 -1.12506087262817138e-08
  1.51941199109976734e-10
0332+5434  10-Apr-25   60000.00   60775.25000000000            26.764100  0.000  0.000
       -66954.354404    1.399541538720 CCERA  360    4  1420.400                
  1.82889577874587954e-05 -5.25277076273927054e-03  1.32125987000106760e-07
  5.86481938367124955e-11
0332+5434  10-Apr-25  120000.00   60775.50000000000            26.764100  0.000  0.000
       -36726.578267    1.399541538720 CCERA  360    4  1420.400                
  6.61765931446965667e-06 -5.16327725380585304e-03  6.83620860757892999e-08
 -1.52243485475900605e-10
0332+5434  10-Apr-25  180000.00   60775.75000000000            26.764100  0.000  0.000
        -6498.818324    1.399541538720 CCERA  360    4  1420.400                
 -1.83955109419096440e-05 -5.17320605647414011e-03 -7.42480346428476831e-08
 -5.71370560838754059e-11
0332+5434  11-Apr-25       0.00   60776.00000000000            26.764100  0.000  0.000
        23731.043155    1.399541538720 CCERA  360    4  1420.400                
 -6.63119165789402617e-06 -5.22044029792289883e-03 -9.03987137445859060e-09
  1.52936223551822566e-10
0332+5434  11-Apr-25   60000.00   60776.25000000000            26.764100  0.000  0.000
        53959.267134    1.399541538720 CCERA  360    4  1420.400                
  1.78963205567997385e-05 -5.16777486554167650e-03  1.33226345015929737e-07
  5.60220823804880930e-11
0332+5434  11-Apr-25  120000.00   60776.50000000000            26.764100  0.000  0.000
        84187.521612    1.399541538720 CCERA  360    4  1420.400                
  6.87284861279923088e-06 -5.07850736871381329e-03  6.70105757464132786e-08
 -1.53218388081107374e-10
0332+5434  11-Apr-25  180000.00   60776.75000000000            26.764100  0.000  0.000
       114415.792004    1.399541538720 CCERA  360    4  1420.400                
 -1.79206872307298983e-05 -5.08929905209406543e-03 -7.44706031939826761e-08
 -5.45048187090477585e-11
0332+5434  12-Apr-25       0.00   60777.00000000000            26.764100  0.000  0.000
       144644.047138    1.399541538720 CCERA  360    4  1420.400                
 -6.04632306676906659e-06 -5.13567710243172885e-03 -6.82268618300134512e-09
  1.53886362078898947e-10
