0332+5434  09-Apr-25       0.00   60774.00000000000            26.764100  0.000  0.000
       -89332.469347    1.399541538720 CCERA  360    4  1420.400                
 -7.51538956921720110e-06 -5.38618112705160478e-03 -1.34554865903255834e-08
  1.50901451469418207e-10
0332+5434  09-Apr-25   60000.00   60774.25000000000            26.764100  0.000  0.000
       -59104.633068    1.399541538720 CCERA  360    4  1420.400                
  1.84065194019184203e-05 -5.33650761097438468e-03  1.30989405661769156e-07
  6.12573554126904196e-11
0332+5434  09-Apr-25  120000.00   60774.50000000000            26.764100  0.000  0.000
       -28876.826763    1.399541538720 CCERA  360    4  1420.400                
  7.51974085660537630e-06 -5.24681238867163221e-03  6.96965503639309889e-08
 -1.51223320818529905e-10
0332+5434  09-Apr-25  180000.00   60774.75000000000            26.764100  0.000  0.000
         1353.036930    1.399541538720 CCERA  360    4  1420.400                
 -1.82459167465093112e-05 -5.25587298374166536e-03 -7.40000197501251555e-08
 -5.97520780088108028e-11
0332+5434  10-Apr-25       0.00   60775.00000000000            26.764100  0.000  0.000
        31581.231908    1.399541538720 CCERA  360    4  1420.400                
 -6.73096503767856628e-06 -5.30394683862460414e-03 -1.12506087262817138e-08
  1.51941199109976734e-10
0332+5434  10-Apr-25   60000.00   60775.25000000000            26.764100  0.000  0.000
        61809.425530    1.399541538720 CCERA  360    4  1420.400                
  1.81801338398503375e-05 -5.25277076273927054e-03  1.32125987000106760e-07
  5.86481938367124955e-11
0332+5434  10-Apr-25  120000.00   60775.50000000000            26.764100  0.000  0.000
        92037.649393    1.399541538720 CCERA  360    4  1420.400                
  6.50883536686114453e-06 -5.16327725380585304e-03  6.83620860757892999e-08
 -1.52243485475900605e-10
0332+5434  10-Apr-25  180000.00   60775.75000000000            26.764100  0.000  0.000
       122265.889450    1.399541538720 CCERA  360    4  1420.400                
 -1.85043348895181019e-05 -5.17320605647414011e-03 -7.42480346428476831e-08
 -5.71370560838754059e-11
0332+5434  11-Apr-25       0.00   60776.00000000000            26.764100  0.000  0.000
       152494.114281    1.399541538720 CCERA  360    4  1420.400                
 -6.74001560550249765e-06 -5.22044029792289883e-03 -9.03987137445859060e-09
  1.52936223551822566e-10
