0332+5434  18-Apr-25       0.00   60783.00000000000            26.764100  0.000  0.000
       -94570.840927    1.399541538720 CCERA  360    4  1420.400                
 -4.64971467037239188e-06 -4.60126062535468235e-03  6.62924391994382848e-09
  1.58625379172271478e-10
0332+5434  18-Apr-25   60000.00   60783.25000000000            26.764100  0.000  0.000
       -64341.289836    1.399541538720 CCERA  360    4  1420.400                
  1.92815166608869865e-05 -4.53851581746975499e-03  1.39969987987035590e-07
  3.72243620440769905e-11
0332+5434  18-Apr-25  120000.00   60783.50000000000            26.764100  0.000  0.000
       -34113.770846    1.399541538720 CCERA  360    4  1420.400                
  4.44433086738161482e-06 -4.45144673729783169e-03  5.71854988372791036e-08
 -1.58753278202784865e-10
0332+5434  18-Apr-25  180000.00   60783.75000000000            26.764100  0.000  0.000
        -3884.265718    1.399541538720 CCERA  360    4  1420.400                
 -1.86407733561878226e-05 -4.46805228635592435e-03 -7.52355910216265625e-08
 -3.56665700593645444e-11
0332+5434  19-Apr-25       0.00   60784.00000000000            26.764100  0.000  0.000
        26344.745278    1.399541538720 CCERA  360    4  1420.400                
 -4.46752949167178981e-06 -4.50794084333020970e-03  8.89566265086928233e-09
  1.59252495387905436e-10
0332+5434  19-Apr-25   60000.00   60784.25000000000            26.764100  0.000  0.000
        56573.228067    1.399541538720 CCERA  360    4  1420.400                
  1.88367937264193585e-05 -4.44380489905002365e-03  1.40800833041047211e-07
  3.44890163258975187e-11
0332+5434  19-Apr-25  120000.00   60784.50000000000            26.764100  0.000  0.000
        86801.743155    1.399541538720 CCERA  360    4  1420.400                
  4.36737715895352727e-06 -4.35713124213970952e-03  5.57424428795239655e-08
 -1.59357186759608794e-10
0332+5434  19-Apr-25  180000.00   60784.75000000000            26.764100  0.000  0.000
       117030.271804    1.399541538720 CCERA  360    4  1420.400                
 -1.86169987478835354e-05 -4.37452664810577836e-03 -7.52237567140859786e-08
 -3.29262474177597761e-11
0332+5434  20-Apr-25       0.00   60785.00000000000            26.764100  0.000  0.000
       147258.785159    1.399541538720 CCERA  360    4  1420.400                
 -3.53772740599857923e-06 -4.41341525718548684e-03  1.11687128216208287e-08
  1.59832707544469922e-10
