0332+5434  06-Feb-25       0.00   60712.00000000000            26.764100  0.000  0.000
      -117370.712999    1.399541538720 CCERA  360    4  1420.400                
 -1.88471579263257890e-05 -6.92816850778973925e-03 -1.22668487245652012e-07
  1.88921751586687357e-11
0332+5434  06-Feb-25   60000.00   60712.25000000000            26.764100  0.000  0.000
       -87142.303136    1.399541538720 CCERA  360    4  1420.400                
  2.56429817283812840e-06 -6.98391798537848461e-03  4.44952578538135919e-10
  1.61968503935767719e-10
0332+5434  06-Feb-25  120000.00   60712.50000000000            26.764100  0.000  0.000
       -56915.892877    1.399541538720 CCERA  360    4  1420.400                
  1.90982913409036885e-05 -6.93386021986538634e-03  9.71082808689881157e-08
 -1.99499590096510088e-11
0332+5434  06-Feb-25  180000.00   60712.75000000000            26.764100  0.000  0.000
       -26687.503528    1.399541538720 CCERA  360    4  1420.400                
 -2.32610059200190549e-06 -6.89681167517640706e-03 -2.64751272090841749e-08
 -1.61462831597109931e-10
0332+5434  07-Feb-25       0.00   60713.00000000000            26.764100  0.000  0.000
         3541.107865    1.399541538720 CCERA  360    4  1420.400                
 -1.89436034932236405e-05 -6.96519868761314147e-03 -1.21715319129373662e-07
  2.16715456124451504e-11
0332+5434  07-Feb-25   60000.00   60713.25000000000            26.764100  0.000  0.000
        33768.684909    1.399541538720 CCERA  360    4  1420.400                
  2.46788508173269038e-06 -7.01941082290626506e-03  3.04587750538856415e-09
  1.61607619178406935e-10
0332+5434  07-Feb-25  120000.00   60713.50000000000            26.764100  0.000  0.000
        63996.262157    1.399541538720 CCERA  360    4  1420.400                
  1.92517894791155511e-05 -6.96805173539705343e-03  9.75699178296222210e-08
 -2.27317577313716733e-11
0332+5434  07-Feb-25  180000.00   60713.75000000000            26.764100  0.000  0.000
        94223.860445    1.399541538720 CCERA  360    4  1420.400                
 -2.42876780938417047e-06 -6.93151907486790671e-03 -2.76486833747505897e-08
 -1.61083347936777599e-10
0332+5434  08-Feb-25       0.00   60714.00000000000            26.764100  0.000  0.000
       124451.452189    1.399541538720 CCERA  360    4  1420.400                
 -1.96612266213344541e-05 -7.00017446924698899e-03 -1.20741205111445777e-07
  2.44449186683655608e-11
