0332+5434  21-Dec-24       0.00   60665.00000000000            26.764100  0.000  0.000
       -11968.979787    1.399541538720 CCERA  360    4  1420.400                
 -1.48901999251728318e-05 -3.14189975196024806e-03 -1.23848209718315837e-07
 -1.04113293350223874e-10
0332+5434  21-Dec-24   60000.00   60665.25000000000            26.764100  0.000  0.000
        18261.927097    1.399541538720 CCERA  360    4  1420.400                
 -1.27636339853729715e-05 -3.24463283144389930e-03 -1.09067833571942253e-07
  1.25842729218340831e-10
0332+5434  21-Dec-24  120000.00   60665.50000000000            26.764100  0.000  0.000
        48490.848865    1.399541538720 CCERA  360    4  1420.400                
  1.55342076706173739e-05 -3.26516677698028427e-03  4.68530766627593088e-08
  1.03151201995949358e-10
0332+5434  21-Dec-24  180000.00   60665.75000000000            26.764100  0.000  0.000
        78719.779454    1.399541538720 CCERA  360    4  1420.400                
  1.20552873569050885e-05 -3.21832198598434463e-03  3.08627375942450453e-08
 -1.26607483202021278e-10
0332+5434  22-Dec-24       0.00   60666.00000000000            26.764100  0.000  0.000
       108948.715341    1.399541538720 CCERA  360    4  1420.400                
 -1.54589567110217754e-05 -3.25416058489688470e-03 -1.24787150185750705e-07
 -1.01937662279765259e-10
