0332+5434  24-Apr-25       0.00   60789.00000000000            26.764100  0.000  0.000
       -92620.385371    1.399541538720 CCERA  360    4  1420.400                
 -2.33647070429095288e-06 -4.02325994839945397e-03  2.03182886787156582e-08
  1.61678386962166578e-10
0332+5434  24-Apr-25   60000.00   60789.25000000000            26.764100  0.000  0.000
       -62391.044048    1.399541538720 CCERA  360    4  1420.400                
  1.88369699392931493e-05 -3.95235783516231527e-03  1.44468702667843285e-07
  2.06747982781150973e-11
0332+5434  24-Apr-25  120000.00   60789.50000000000            26.764100  0.000  0.000
       -32163.735912    1.399541538720 CCERA  360    4  1420.400                
  2.01165648482572610e-06 -3.86794067475683878e-03  4.84306763080517030e-08
 -1.61667192505380759e-10
0332+5434  24-Apr-25  180000.00   60789.75000000000            26.764100  0.000  0.000
        -1934.439805    1.399541538720 CCERA  360    4  1420.400                
 -1.91337788921244916e-05 -3.88910151535354180e-03 -7.46898671816027221e-08
 -1.90958913359558518e-11
0332+5434  25-Apr-25       0.00   60790.00000000000            26.764100  0.000  0.000
        28295.128602    1.399541538720 CCERA  360    4  1420.400                
 -2.07155950032992509e-06 -3.92272281063442939e-03  2.26101812358351716e-08
  1.62018928933487592e-10
0332+5434  25-Apr-25   60000.00   60790.25000000000            26.764100  0.000  0.000
        58523.823747    1.399541538720 CCERA  360    4  1420.400                
  1.90819015493873217e-05 -3.85051314969715036e-03  1.45095602696035775e-07
  1.78883113217506723e-11
0332+5434  25-Apr-25  120000.00   60790.50000000000            26.764100  0.000  0.000
        88752.552233    1.399541538720 CCERA  360    4  1420.400                
  1.93737615750632632e-06 -3.76660865882641254e-03  4.69420295755180419e-08
 -1.61988371163185362e-10
0332+5434  25-Apr-25  180000.00   60790.75000000000            26.764100  0.000  0.000
       118981.292436    1.399541538720 CCERA  360    4  1420.400                
 -1.93531212551840712e-05 -3.78849232561314763e-03 -7.45008116889021423e-08
 -1.63121289917821522e-11
0332+5434  26-Apr-25       0.00   60791.00000000000            26.764100  0.000  0.000
       149210.017600    1.399541538720 CCERA  360    4  1420.400                
 -2.29140770458659169e-06 -3.82101868498511748e-03  2.48940237922072063e-08
  1.62309956780447319e-10
