0332+5434  25-Mar-25       0.00   60759.00000000000            26.764100  0.000  0.000
      -102332.670217    1.399541538720 CCERA  360    4  1420.400                
 -1.17238314504779585e-05 -6.44038722278583459e-03 -4.66382707983688701e-08
  1.30181892510301798e-10
0332+5434  25-Mar-25   60000.00   60759.25000000000            26.764100  0.000  0.000
       -72104.449720    1.399541538720 CCERA  360    4  1420.400                
  1.52382628984461892e-05 -6.41542838777087523e-03  1.08589301421455153e-07
  9.78321305512440572e-11
0332+5434  25-Mar-25  120000.00   60759.50000000000            26.764100  0.000  0.000
       -41876.253933    1.399541538720 CCERA  360    4  1420.400                
  1.11888776668095160e-05 -6.32655339177464610e-03  8.61531752277755009e-08
 -1.30716048337654721e-10
0332+5434  25-Mar-25  180000.00   60759.75000000000            26.764100  0.000  0.000
       -11648.077918    1.399541538720 CCERA  360    4  1420.400                
 -1.53208224291443546e-05 -6.32303389882406947e-03 -6.85491644676877594e-08
 -9.63998216987742428e-11
0332+5434  26-Mar-25       0.00   60760.00000000000            26.764100  0.000  0.000
        18579.887594    1.399541538720 CCERA  360    4  1420.400                
 -1.11987660122985022e-05 -6.38245687857254360e-03 -4.44493298382558848e-08
  1.31853899973418181e-10
0332+5434  26-Mar-25   60000.00   60760.25000000000            26.764100  0.000  0.000
        48807.688277    1.399541538720 CCERA  360    4  1420.400                
  1.60113783169879287e-05 -6.35574296227711926e-03  1.10379240907054028e-07
  9.55745948467984045e-11
0332+5434  26-Mar-25  120000.00   60760.50000000000            26.764100  0.000  0.000
        79035.514091    1.399541538720 CCERA  360    4  1420.400                
  1.10021928301649206e-05 -6.26658725401446192e-03  8.52813958436872577e-08
 -1.32366898794625198e-10
0332+5434  26-Mar-25  180000.00   60760.75000000000            26.764100  0.000  0.000
       109263.359511    1.399541538720 CCERA  360    4  1420.400                
 -1.62136016434365940e-05 -6.26386512690459314e-03 -6.89971870115462063e-08
 -9.41264218609579877e-11
0332+5434  27-Mar-25       0.00   60761.00000000000            26.764100  0.000  0.000
       139491.190548    1.399541538720 CCERA  360    4  1420.400                
 -1.12870931298128847e-05 -6.32260059170304707e-03 -4.22377367691013031e-08
  1.33486431966850974e-10
