0332+5434  25-Feb-25       0.00   60731.00000000000            26.764100  0.000  0.000
      -111286.234159    1.399541538720 CCERA  360    4  1420.400                
 -1.79095445208281779e-05 -7.28661918089501537e-03 -9.92407636955519264e-08
  6.98938208795528409e-11
0332+5434  25-Feb-25   60000.00   60731.25000000000            26.764100  0.000  0.000
       -81059.700274    1.399541538720 CCERA  360    4  1420.400                
  8.33638052678401053e-06 -7.31122223019898924e-03  4.85276813272202993e-08
  1.47177933649631533e-10
0332+5434  25-Feb-25  120000.00   60731.50000000000            26.764100  0.000  0.000
       -50831.177115    1.399541538720 CCERA  360    4  1420.400                
  1.71600439753666136e-05 -7.23967648252637954e-03  1.00489825536803632e-07
 -7.07968235674404445e-11
0332+5434  25-Feb-25  180000.00   60731.75000000000            26.764100  0.000  0.000
       -20604.676138    1.399541538720 CCERA  360    4  1420.400                
 -8.13685537646657189e-06 -7.21434769752708413e-03 -4.73328066475739088e-08
 -1.46204534770084694e-10
0332+5434  26-Feb-25       0.00   60732.00000000000            26.764100  0.000  0.000
         9624.164780    1.399541538720 CCERA  360    4  1420.400                
 -1.77337664648041085e-05 -7.28448679008972082e-03 -9.76290710257455264e-08
  7.24202353745602870e-11
0332+5434  26-Feb-25   60000.00   60732.25000000000            26.764100  0.000  0.000
        39851.631963    1.399541538720 CCERA  360    4  1420.400                
  8.94830616796137686e-06 -7.30730329630505018e-03  5.10218802875978876e-08
  1.45948474127471953e-10
0332+5434  26-Feb-25  120000.00   60732.50000000000            26.764100  0.000  0.000
        70079.110452    1.399541538720 CCERA  360    4  1420.400                
  1.77594886546707507e-05 -7.23477367407431883e-03  1.00436324844179820e-07
 -7.33076857367214249e-11
0332+5434  26-Feb-25  180000.00   60732.75000000000            26.764100  0.000  0.000
       100306.611143    1.399541538720 CCERA  360    4  1420.400                
 -8.38750014023922903e-06 -7.21010061710539163e-03 -4.82415742134141194e-08
 -1.44948714027912998e-10
0332+5434  27-Feb-25       0.00   60733.00000000000            26.764100  0.000  0.000
       130534.101283    1.399541538720 CCERA  360    4  1420.400                
 -1.77329279255664046e-05 -7.28007494002096914e-03 -9.59777808348300317e-08
  7.49247136883174716e-11
