0332+5434  09-Mar-25       0.00   60743.00000000000            26.764100  0.000  0.000
      -107477.897639    1.399541538720 CCERA  360    4  1420.400                
 -1.52505645704413153e-05 -7.11285343839272895e-03 -7.83962813435772458e-08
  9.85832738189885837e-11
0332+5434  09-Mar-25   60000.00   60743.25000000000            26.764100  0.000  0.000
       -77249.430006    1.399541538720 CCERA  360    4  1420.400                
  1.22808369176041100e-05 -7.11592088785496443e-03  7.69527461043232307e-08
  1.29609435398795737e-10
0332+5434  09-Mar-25  120000.00   60743.50000000000            26.764100  0.000  0.000
       -47022.979712    1.399541538720 CCERA  360    4  1420.400                
  1.58840383197483812e-05 -7.03431746160113145e-03  9.74879583852538371e-08
 -9.93902576028521951e-11
0332+5434  09-Mar-25  180000.00   60743.75000000000            26.764100  0.000  0.000
       -16794.551289    1.399541538720 CCERA  360    4  1420.400                
 -1.22331114655247066e-05 -7.01760978803565513e-03 -5.77058460077561397e-08
 -1.28447813969505545e-10
0332+5434  10-Mar-25       0.00   60744.00000000000            26.764100  0.000  0.000
        13434.110544    1.399541538720 CCERA  360    4  1420.400                
 -1.51419356154161218e-05 -7.08477623650424077e-03 -7.65753524711320888e-08
  1.00800903196500892e-10
0332+5434  10-Mar-25   60000.00   60744.25000000000            26.764100  0.000  0.000
        43661.653327    1.399541538720 CCERA  360    4  1420.400                
  1.23123283255617150e-05 -7.08608772495057920e-03  7.91103544154015790e-08
  1.27885280243152869e-10
0332+5434  10-Mar-25  120000.00   60744.50000000000            26.764100  0.000  0.000
        73889.213950    1.399541538720 CCERA  360    4  1420.400                
  1.52819627151633443e-05 -7.00385471156812246e-03  9.69690268757825306e-08
 -1.01597440738711306e-10
0332+5434  10-Mar-25  180000.00   60744.75000000000            26.764100  0.000  0.000
       104116.796354    1.399541538720 CCERA  360    4  1420.400                
 -1.19501988439622621e-05 -6.98795927753710806e-03 -5.85429774477395772e-08
 -1.26708711056131087e-10
0332+5434  11-Mar-25       0.00   60745.00000000000            26.764100  0.000  0.000
       134344.366279    1.399541538720 CCERA  360    4  1420.400                
 -1.55426030538847031e-05 -7.05480235225514670e-03 -7.47374560400649124e-08
  1.02989368658973352e-10
