0332+5434  15-Dec-24       0.00   60659.00000000000            26.764100  0.000  0.000
       -13932.821495    1.399541538720 CCERA  360    4  1420.400                
 -1.39154964014332709e-05 -2.45442869938002680e-03 -1.17442921731646764e-07
 -1.16486115054362791e-10
0332+5434  15-Dec-24   60000.00   60659.25000000000            26.764100  0.000  0.000
        16298.016446    1.399541538720 CCERA  360    4  1420.400                
 -1.41204194604981522e-05 -2.55844965116108465e-03 -1.18818981513775190e-07
  1.14485099052974668e-10
0332+5434  15-Dec-24  120000.00   60659.50000000000            26.764100  0.000  0.000
        46527.183655    1.399541538720 CCERA  360    4  1420.400                
  1.42009409131120603e-05 -2.58769101681399208e-03  3.78466438907657183e-08
  1.15597218715677665e-10
0332+5434  15-Dec-24  180000.00   60659.75000000000            26.764100  0.000  0.000
        76756.357648    1.399541538720 CCERA  360    4  1420.400                
  1.33974145430176553e-05 -2.54142645131461356e-03  3.79786905047240362e-08
 -1.15383497054285552e-10
0332+5434  16-Dec-24       0.00   60660.00000000000            26.764100  0.000  0.000
       106985.538453    1.399541538720 CCERA  360    4  1420.400                
 -1.34583855284262733e-05 -2.57051636749031087e-03 -1.18584536116741863e-07
 -1.14508982089481627e-10
