0332+5434  22-Mar-25       0.00   60756.00000000000            26.764100  0.000  0.000
      -103292.559811    1.399541538720 CCERA  360    4  1420.400                
 -1.26340720971671761e-05 -6.60275632432342618e-03 -5.30558995446719235e-08
  1.24936934028193867e-10
0332+5434  22-Mar-25   60000.00   60756.25000000000            26.764100  0.000  0.000
       -73064.279892    1.399541538720 CCERA  360    4  1420.400                
  1.46616745249762106e-05 -6.58305897644878568e-03  1.03092674922554832e-07
  1.04428248227209161e-10
0332+5434  22-Mar-25  120000.00   60756.50000000000            26.764100  0.000  0.000
       -42836.023395    1.399541538720 CCERA  360    4  1420.400                
  1.27937528402675475e-05 -6.49513773461836159e-03  8.86778558114595737e-08
 -1.25534295281368907e-10
0332+5434  22-Mar-25  180000.00   60756.75000000000            26.764100  0.000  0.000
       -12609.787152    1.399541538720 CCERA  360    4  1420.400                
 -1.51426464628541530e-05 -6.48918804672534745e-03 -6.70215527111919498e-08
 -1.03047114715258097e-10
0332+5434  23-Mar-25       0.00   60757.00000000000            26.764100  0.000  0.000
        17619.536859    1.399541538720 CCERA  360    4  1420.400                
 -1.25510046170849861e-05 -6.55052281087675509e-03 -5.09416270321626987e-08
  1.26722676559268131e-10
0332+5434  23-Mar-25   60000.00   60757.25000000000            26.764100  0.000  0.000
        47847.276065    1.399541538720 CCERA  360    4  1420.400                
  1.55100240483685878e-05 -6.52907245367019117e-03  1.04945835106064370e-07
  1.02259504367692667e-10
0332+5434  23-Mar-25  120000.00   60757.50000000000            26.764100  0.000  0.000
        78075.039128    1.399541538720 CCERA  360    4  1420.400                
  1.25505102628833263e-05 -6.44081461798183628e-03  8.78517344914214897e-08
 -1.27299657910368970e-10
0332+5434  23-Mar-25  180000.00   60757.75000000000            26.764100  0.000  0.000
       108302.822288    1.399541538720 CCERA  360    4  1420.400                
 -1.57325160508591473e-05 -6.43568116187542318e-03 -6.75614480574990077e-08
 -1.00861129890027017e-10
0332+5434  24-Mar-25       0.00   60758.00000000000            26.764100  0.000  0.000
       138530.591303    1.399541538720 CCERA  360    4  1420.400                
 -1.17291913286592561e-05 -6.49640428415272468e-03 -4.88025200987028993e-08
  1.28471211394645626e-10
