0332+5434  06-Apr-25       0.00   60771.00000000000            26.764100  0.000  0.000
       -98453.643236    1.399541538720 CCERA  360    4  1420.400                
 -7.93112439427296774e-06 -5.62504033789879617e-03 -2.00435119508215787e-08
  1.47518223082767731e-10
0332+5434  06-Apr-25   60000.00   60771.25000000000            26.764100  0.000  0.000
       -68225.720072    1.399541538720 CCERA  360    4  1420.400                
  1.73925418671821928e-05 -5.57995986848649778e-03  1.27351132073594261e-07
  6.89750634415404714e-11
0332+5434  06-Apr-25  120000.00   60771.50000000000            26.764100  0.000  0.000
       -37997.826026    1.399541538720 CCERA  360    4  1420.400                
  8.08923393794995609e-06 -5.48981621247512930e-03  7.35796045628634327e-08
 -1.47893402546491404e-10
0332+5434  06-Apr-25  180000.00   60771.75000000000            26.764100  0.000  0.000
        -7769.949255    1.399541538720 CCERA  360    4  1420.400                
 -1.79586006673112222e-05 -5.49625274776149256e-03 -7.31177187445429163e-08
 -6.74861066251320985e-11
0332+5434  07-Apr-25       0.00   60772.00000000000            26.764100  0.000  0.000
        22460.057437    1.399541538720 CCERA  360    4  1420.400                
 -7.50110984091390807e-06 -5.54675312666592056e-03 -1.78508045821684570e-08
  1.48689544937670643e-10
0332+5434  07-Apr-25   60000.00   60772.25000000000            26.764100  0.000  0.000
        52688.162757    1.399541538720 CCERA  360    4  1420.400                
  1.76763222438225494e-05 -5.50012660890151009e-03  1.28603319772950277e-07
  6.64214282341356685e-11
0332+5434  07-Apr-25  120000.00   60772.50000000000            26.764100  0.000  0.000
        82916.297489    1.399541538720 CCERA  360    4  1420.400                
  7.88170647431677745e-06 -5.41010506766913691e-03  7.23073165941046294e-08
 -1.49047993003793130e-10
0332+5434  07-Apr-25  180000.00   60772.75000000000            26.764100  0.000  0.000
       113144.449233    1.399541538720 CCERA  360    4  1420.400                
 -1.74905832880834321e-05 -5.41741811880380904e-03 -7.34332285072436023e-08
 -6.49275016847871448e-11
0332+5434  08-Apr-25       0.00   60773.00000000000            26.764100  0.000  0.000
       143372.585880    1.399541538720 CCERA  360    4  1420.400                
 -7.80084532583998300e-06 -5.46712418768904342e-03 -1.56552407157626007e-08
  1.49817539472777522e-10
