0332+5434  21-Jan-25       0.00   60696.00000000000            26.764100  0.000  0.000
        -1940.854410    1.399541538720 CCERA  360    4  1420.400                
 -1.91496625131675758e-05 -6.04945334986180163e-03 -1.33238831030301110e-07
 -2.58447357883248158e-11
0332+5434  21-Jan-25   60000.00   60696.25000000000            26.764100  0.000  0.000
        28288.757592    1.399541538720 CCERA  360    4  1420.400                
 -3.14619367040819932e-06 -6.12758815711417389e-03 -4.11529146736283329e-08
  1.61129572089498178e-10
0332+5434  21-Jan-25  120000.00   60696.50000000000            26.764100  0.000  0.000
        58516.650773    1.399541538720 CCERA  360    4  1420.400                
  1.92569687556162705e-05 -6.10046709987358948e-03  8.53777531642028716e-08
  2.47375794702447545e-11
0332+5434  21-Jan-25  180000.00   60696.75000000000            26.764100  0.000  0.000
        88744.561841    1.399541538720 CCERA  360    4  1420.400                
  2.61272749040796746e-06 -6.05717183785914152e-03 -7.49453625080805506e-09
 -1.61061958403948628e-10
0332+5434  22-Jan-25       0.00   60697.00000000000            26.764100  0.000  0.000
       118972.470336    1.399541538720 CCERA  360    4  1420.400                
 -1.89872369540393532e-05 -6.11905345956954925e-03 -1.32922513408232279e-07
 -2.30700287169832794e-11
