0332+5434  07-Feb-25       0.00   60713.00000000000            26.764100  0.000  0.000
      -117059.704196    1.399541538720 CCERA  360    4  1420.400                
 -1.87855326681833152e-05 -6.96519868761314147e-03 -1.21715319129373662e-07
  2.16715456124451504e-11
0332+5434  07-Feb-25   60000.00   60713.25000000000            26.764100  0.000  0.000
       -86831.281240    1.399541538720 CCERA  360    4  1420.400                
  2.62595590677304278e-06 -7.01941082290626506e-03  3.04587750538856415e-09
  1.61607619178406935e-10
0332+5434  07-Feb-25  120000.00   60713.50000000000            26.764100  0.000  0.000
       -56604.858488    1.399541538720 CCERA  360    4  1420.400                
  1.94098603041558764e-05 -6.96805173539705343e-03  9.75699178296222210e-08
 -2.27317577313716733e-11
0332+5434  07-Feb-25  180000.00   60713.75000000000            26.764100  0.000  0.000
       -26376.456777    1.399541538720 CCERA  360    4  1420.400                
 -3.27069698434384238e-06 -6.93151907486790671e-03 -2.76486833747505897e-08
 -1.61083347936777599e-10
0332+5434  08-Feb-25       0.00   60714.00000000000            26.764100  0.000  0.000
         3852.048520    1.399541538720 CCERA  360    4  1420.400                
 -1.95031557962941255e-05 -7.00017446924698899e-03 -1.20741205111445777e-07
  2.44449186683655608e-11
0332+5434  08-Feb-25   60000.00   60714.25000000000            26.764100  0.000  0.000
        34079.613211    1.399541538720 CCERA  360    4  1420.400                
  3.31272063461287593e-06 -7.05284394239274245e-03  5.63119050436184871e-09
  1.61199286912465685e-10
0332+5434  08-Feb-25  120000.00   60714.50000000000            26.764100  0.000  0.000
        64307.178705    1.399541538720 CCERA  360    4  1420.400                
  1.88791359634342165e-05 -7.00020918163272911e-03  9.79883713576960839e-08
 -2.55064637556107500e-11
0332+5434  08-Feb-25  180000.00   60714.75000000000            26.764100  0.000  0.000
        94534.765358    1.399541538720 CCERA  360    4  1420.400                
 -3.44762259307064587e-06 -6.96421335348070252e-03 -2.88278949438228341e-08
 -1.60655755664990996e-10
0332+5434  09-Feb-25       0.00   60715.00000000000            26.764100  0.000  0.000
       124762.345233    1.399541538720 CCERA  360    4  1420.400                
 -1.93333082094259166e-05 -7.03312657692908242e-03 -1.19744660154393727e-07
  2.72115036206994785e-11
