0332+5434  19-Apr-25       0.00   60784.00000000000            26.764100  0.000  0.000
       -94252.487642    1.399541538720 CCERA  360    4  1420.400                
 -3.71879916746306097e-06 -4.50794084333020970e-03  8.89566265086928233e-09
  1.59252495387905436e-10
0332+5434  19-Apr-25   60000.00   60784.25000000000            26.764100  0.000  0.000
       -64024.970432    1.399541538720 CCERA  360    4  1420.400                
  1.85855240506280901e-05 -4.44380489905002365e-03  1.40800833041047211e-07
  3.44890163258975187e-11
0332+5434  19-Apr-25  120000.00   60784.50000000000            26.764100  0.000  0.000
       -33795.485520    1.399541538720 CCERA  360    4  1420.400                
  4.11610748316225891e-06 -4.35713124213970952e-03  5.57424428795239655e-08
 -1.59357186759608794e-10
0332+5434  19-Apr-25  180000.00   60784.75000000000            26.764100  0.000  0.000
        -3566.014169    1.399541538720 CCERA  360    4  1420.400                
 -1.88682684236747970e-05 -4.37452664810577836e-03 -7.52237567140859786e-08
 -3.29262474177597761e-11
0332+5434  20-Apr-25       0.00   60785.00000000000            26.764100  0.000  0.000
        26662.527524    1.399541538720 CCERA  360    4  1420.400                
 -3.78899708178987469e-06 -4.41341525718548684e-03  1.11687128216208287e-08
  1.59832707544469922e-10
0332+5434  20-Apr-25   60000.00   60785.25000000000            26.764100  0.000  0.000
        56891.044626    1.399541538720 CCERA  360    4  1420.400                
  1.86891897005344761e-05 -4.34790043375733910e-03  1.41599410581132445e-07
  3.17435482972344781e-11
0332+5434  20-Apr-25  120000.00   60785.50000000000            26.764100  0.000  0.000
        87119.594219    1.399541538720 CCERA  360    4  1420.400                
  3.27632806454905864e-06 -4.26164104024379618e-03  5.42924144916615120e-08
 -1.59913824020526775e-10
0332+5434  20-Apr-25  180000.00   60785.75000000000            26.764100  0.000  0.000
       117348.157069    1.399541538720 CCERA  360    4  1420.400                
 -1.94596277679745847e-05 -4.27981424438076373e-03 -7.51799753987374156e-08
 -3.01759715692531025e-11
0332+5434  21-Apr-25       0.00   60786.00000000000            26.764100  0.000  0.000
       147576.704650    1.399541538720 CCERA  360    4  1420.400                
 -3.30240967483673565e-06 -4.31768436944099127e-03  1.34482787677641448e-08
  1.60365687906202400e-10
