0332+5434  05-Feb-25       0.00   60711.00000000000            26.764100  0.000  0.000
      -117704.693517    1.399541538720 CCERA  360    4  1420.400                
 -1.94679690285414180e-05 -6.88904983543510690e-03 -1.23601363069623954e-07
  1.61071939393887886e-11
0332+5434  05-Feb-25   60000.00   60711.25000000000            26.764100  0.000  0.000
       -87476.297501    1.399541538720 CCERA  360    4  1420.400                
  1.55694499091694685e-06 -6.94633165037427704e-03 -2.17199281434354274e-09
  1.62281547035897418e-10
0332+5434  05-Feb-25  120000.00   60711.50000000000            26.764100  0.000  0.000
       -57249.900483    1.399541538720 CCERA  360    4  1420.400                
  1.94547738492116803e-05 -6.89760140204873692e-03  9.66022077091864781e-08
 -1.71620309954692231e-11
0332+5434  05-Feb-25  180000.00   60711.75000000000            26.764100  0.000  0.000
       -27021.524237    1.399541538720 CCERA  360    4  1420.400                
 -2.34297779400832334e-06 -6.86005913990445776e-03 -2.53091425753940148e-08
 -1.61794131227417339e-10
0332+5434  06-Feb-25       0.00   60712.00000000000            26.764100  0.000  0.000
         3207.141905    1.399541538720 CCERA  360    4  1420.400                
 -1.91007240424203559e-05 -6.92816850778973925e-03 -1.22668487245652012e-07
  1.88921751586687357e-11
0332+5434  06-Feb-25   60000.00   60712.25000000000            26.764100  0.000  0.000
        33434.732042    1.399541538720 CCERA  360    4  1420.400                
  2.31073205674353440e-06 -6.98391798537848461e-03  4.44952578538135919e-10
  1.61968503935767719e-10
0332+5434  06-Feb-25  120000.00   60712.50000000000            26.764100  0.000  0.000
        63662.321783    1.399541538720 CCERA  360    4  1420.400                
  1.88447252248090945e-05 -6.93386021986538634e-03  9.71082808689881157e-08
 -1.99499590096510088e-11
0332+5434  06-Feb-25  180000.00   60712.75000000000            26.764100  0.000  0.000
        93889.932434    1.399541538720 CCERA  360    4  1420.400                
 -2.57966670809652659e-06 -6.89681167517640706e-03 -2.64751272090841749e-08
 -1.61462831597109931e-10
0332+5434  07-Feb-25       0.00   60713.00000000000            26.764100  0.000  0.000
       124117.536771    1.399541538720 CCERA  360    4  1420.400                
 -1.91971696093182074e-05 -6.96519868761314147e-03 -1.21715319129373662e-07
  2.16715456124451504e-11
