0332+5434  11-Apr-25       0.00   60776.00000000000            26.764100  0.000  0.000
       -96835.498952    1.399541538720 CCERA  360    4  1420.400                
 -7.14635621201314073e-06 -5.22044029792289883e-03 -9.03987137445859060e-09
  1.52936223551822566e-10
0332+5434  11-Apr-25   60000.00   60776.25000000000            26.764100  0.000  0.000
       -66607.722930    1.399541538720 CCERA  360    4  1420.400                
  1.83811560026806212e-05 -5.16777486554167650e-03  1.33226345015929737e-07
  5.60220823804880930e-11
0332+5434  11-Apr-25  120000.00   60776.50000000000            26.764100  0.000  0.000
       -36379.977409    1.399541538720 CCERA  360    4  1420.400                
  6.35768405868017053e-06 -5.07850736871381329e-03  6.70105757464132786e-08
 -1.53218388081107374e-10
0332+5434  11-Apr-25  180000.00   60776.75000000000            26.764100  0.000  0.000
        -6150.247801    1.399541538720 CCERA  360    4  1420.400                
 -1.84358517848490129e-05 -5.08929905209406543e-03 -7.44706031939826761e-08
 -5.45048187090477585e-11
0332+5434  12-Apr-25       0.00   60777.00000000000            26.764100  0.000  0.000
        24078.502935    1.399541538720 CCERA  360    4  1420.400                
 -6.56148762088817775e-06 -5.13567710243172885e-03 -6.82268618300134512e-09
  1.53886362078898947e-10
0332+5434  12-Apr-25   60000.00   60777.25000000000            26.764100  0.000  0.000
        54306.757721    1.399541538720 CCERA  360    4  1420.400                
  1.86675219819250561e-05 -5.08153507557394801e-03  1.34291342741022159e-07
  5.33796534782169590e-11
0332+5434  12-Apr-25  120000.00   60777.50000000000            26.764100  0.000  0.000
        84535.043259    1.399541538720 CCERA  360    4  1420.400                
  6.41489126888387916e-06 -4.99251698076568114e-03  6.56435754521444755e-08
 -1.54147702189565818e-10
0332+5434  12-Apr-25  180000.00   60777.75000000000            26.764100  0.000  0.000
       114763.344426    1.399541538720 CCERA  360    4  1420.400                
 -1.86159256187217529e-05 -5.00416513168666210e-03 -7.46665557742083135e-08
 -5.18562147418205634e-11
0332+5434  13-Apr-25       0.00   60778.00000000000            26.764100  0.000  0.000
       144991.630308    1.399541538720 CCERA  360    4  1420.400                
 -6.39233934180812456e-06 -5.04966986242674776e-03 -4.59863366054514019e-09
  1.54791145135820444e-10
