0332+5434  19-Dec-24       0.00   60663.00000000000            26.764100  0.000  0.000
       -12631.120740    1.399541538720 CCERA  360    4  1420.400                
 -1.45283826882042649e-05 -2.91524715736140921e-03 -1.21848546362822661e-07
 -1.08370563702134742e-10
0332+5434  19-Dec-24   60000.00   60663.25000000000            26.764100  0.000  0.000
        17598.149674    1.399541538720 CCERA  360    4  1420.400                
 -1.31322736702144984e-05 -3.01852742060161475e-03 -1.12447948854930933e-07
  1.22197054822415892e-10
0332+5434  19-Dec-24  120000.00   60663.50000000000            26.764100  0.000  0.000
        47827.152303    1.399541538720 CCERA  360    4  1420.400                
  1.47008174984445014e-05 -3.04199054828820656e-03  4.39032525401311792e-08
  1.07425964107115295e-10
0332+5434  19-Dec-24  180000.00   60663.75000000000            26.764100  0.000  0.000
        78056.163083    1.399541538720 CCERA  360    4  1420.400                
  1.23893957529037767e-05 -2.99528389001370342e-03  3.32737392496091980e-08
 -1.23012793960068574e-10
0332+5434  20-Dec-24       0.00   60664.00000000000            26.764100  0.000  0.000
       108285.179672    1.399541538720 CCERA  360    4  1420.400                
 -1.42494329226318782e-05 -3.02891372826774715e-03 -1.22868125627653123e-07
 -1.06257898189284959e-10
