0332+5434  04-Mar-25       0.00   60738.00000000000            26.764100  0.000  0.000
      -109047.463279    1.399541538720 CCERA  360    4  1420.400                
 -1.69008948442929071e-05 -7.22353140226354804e-03 -8.73230714877974995e-08
  8.70801139991586532e-11
0332+5434  04-Mar-25   60000.00   60738.25000000000            26.764100  0.000  0.000
       -78820.954259    1.399541538720 CCERA  360    4  1420.400                
  1.04430878107299023e-05 -7.23548118968159529e-03  6.56653134575141360e-08
  1.37654169274967431e-10
0332+5434  04-Mar-25  120000.00   60738.50000000000            26.764100  0.000  0.000
       -48592.459955    1.399541538720 CCERA  360    4  1420.400                
  1.65184822068752022e-05 -7.15750340491703736e-03  9.94861645572892019e-08
 -8.79171868818487557e-11
0332+5434  04-Mar-25  180000.00   60738.75000000000            26.764100  0.000  0.000
       -18365.987827    1.399541538720 CCERA  360    4  1420.400                
 -1.08244699932655467e-05 -7.13692563306627357e-03 -5.34197321602963053e-08
 -1.36553382259334910e-10
0332+5434  05-Mar-25       0.00   60739.00000000000            26.764100  0.000  0.000
        11863.504188    1.399541538720 CCERA  360    4  1420.400                
 -1.65364049846197215e-05 -7.20551374313957351e-03 -8.55544077377343771e-08
  8.94340648505276320e-11
0332+5434  05-Mar-25   60000.00   60739.25000000000            26.764100  0.000  0.000
        42091.001964    1.399541538720 CCERA  360    4  1420.400                
  1.09646451655861386e-05 -7.21566871522085797e-03  6.79962272823219825e-08
  1.36123824245955823e-10
0332+5434  05-Mar-25  120000.00   60739.50000000000            26.764100  0.000  0.000
        72318.514999    1.399541538720 CCERA  360    4  1420.400                
  1.58446937127004998e-05 -7.13689623185846667e-03  9.91756490525679481e-08
 -9.02678192916732576e-11
0332+5434  05-Mar-25  180000.00   60739.75000000000            26.764100  0.000  0.000
       102546.050168    1.399541538720 CCERA  360    4  1420.400                
 -1.03605257729820475e-05 -7.11705958063915418e-03 -5.42802348532034388e-08
 -1.35012469914487850e-10
0332+5434  06-Mar-25       0.00   60740.00000000000            26.764100  0.000  0.000
       132773.573666    1.399541538720 CCERA  360    4  1420.400                
 -1.58020477444358315e-05 -7.18538298341789023e-03 -8.37791199731193404e-08
  9.17618906613456667e-11
