0332+5434  27-Dec-24       0.00   60671.00000000000            26.764100  0.000  0.000
       -10028.721799    1.399541538720 CCERA  360    4  1420.400                
 -1.56642936344973639e-05 -3.80287915931056464e-03 -1.28833082940000113e-07
 -9.06185155688732733e-11
0332+5434  27-Dec-24   60000.00   60671.25000000000            26.764100  0.000  0.000
        20201.431219    1.399541538720 CCERA  360    4  1420.400                
 -1.07985337359391047e-05 -3.90315202252688445e-03 -9.80389818802166202e-08
  1.35874331574560808e-10
0332+5434  27-Dec-24  120000.00   60671.50000000000            26.764100  0.000  0.000
        50430.117600    1.399541538720 CCERA  360    4  1420.400                
  1.67375466761579511e-05 -3.91467074518227730e-03  5.54918170035239179e-08
  8.96201658215000092e-11
0332+5434  27-Dec-24  180000.00   60671.75000000000            26.764100  0.000  0.000
        80658.814779    1.399541538720 CCERA  360    4  1420.400                
  1.02313215186740410e-05 -3.86764516297863825e-03  2.35624824968708149e-08
 -1.36472218171307498e-10
0332+5434  28-Dec-24       0.00   60672.00000000000            26.764100  0.000  0.000
       110887.515721    1.399541538720 CCERA  360    4  1420.400                
 -1.60749133402822760e-05 -3.90974280829321352e-03 -1.29505529080457946e-07
 -8.82708779952547351e-11
