0332+5434  20-Feb-25       0.00   60726.00000000000            26.764100  0.000  0.000
      -112896.619875    1.399541538720 CCERA  360    4  1420.400                
 -1.81566805342310122e-05 -7.26423436960331459e-03 -1.06685335330826521e-07
  5.69687765393099099e-11
0332+5434  20-Feb-25   60000.00   60726.25000000000            26.764100  0.000  0.000
       -82668.092604    1.399541538720 CCERA  360    4  1420.400                
  6.99151930964971615e-06 -7.29753145266019611e-03  3.60223213144984195e-08
  1.52666339283744031e-10
0332+5434  20-Feb-25  120000.00   60726.50000000000            26.764100  0.000  0.000
       -52441.573157    1.399541538720 CCERA  360    4  1420.400                
  1.79339607301054685e-05 -7.23109657292953997e-03  1.00478446886547310e-07
 -5.79428915468507742e-11
0332+5434  20-Feb-25  180000.00   60726.75000000000            26.764100  0.000  0.000
       -22213.075743    1.399541538720 CCERA  360    4  1420.400                
 -6.86886293059909835e-06 -7.20248485635281710e-03 -4.24168660480017134e-08
 -1.51827810871953931e-10
0332+5434  21-Feb-25       0.00   60727.00000000000            26.764100  0.000  0.000
         8014.568883    1.399541538720 CCERA  360    4  1420.400                
 -1.81050412860526612e-05 -7.27301526740539717e-03 -1.05275935599030381e-07
  5.95899793000910889e-11
0332+5434  21-Feb-25   60000.00   60727.25000000000            26.764100  0.000  0.000
        38242.038732    1.399541538720 CCERA  360    4  1420.400                
  7.47486973714444454e-06 -7.30460444880971175e-03  3.85289975525299043e-08
  1.51657219316267751e-10
0332+5434  21-Feb-25  120000.00   60727.50000000000            26.764100  0.000  0.000
        68469.516986    1.399541538720 CCERA  360    4  1420.400                
  1.80730405493261696e-05 -7.23712051171436239e-03  1.00520930514192834e-07
 -6.05516517488137703e-11
0332+5434  21-Feb-25  180000.00   60727.75000000000            26.764100  0.000  0.000
        98697.017311    1.399541538720 CCERA  360    4  1420.400                
 -6.88917870405993169e-06 -7.20916334787945721e-03 -4.34463063984369686e-08
 -1.50792271451059316e-10
0332+5434  22-Feb-25       0.00   60728.00000000000            26.764100  0.000  0.000
       128924.507992    1.399541538720 CCERA  360    4  1420.400                
 -1.78394509084233888e-05 -7.27967178089474354e-03 -1.03827691236236760e-07
  6.21938442450492351e-11
