0332+5434  23-Feb-25       0.00   60729.00000000000            26.764100  0.000  0.000
      -111940.051838    1.399541538720 CCERA  360    4  1420.400                
 -1.81378241277729652e-05 -7.28417804166554828e-03 -1.02339739155253908e-07
  6.47795925128475387e-11
0332+5434  23-Feb-25   60000.00   60729.25000000000            26.764100  0.000  0.000
       -81713.518242    1.399541538720 CCERA  360    4  1420.400                
  8.12230480999722387e-06 -7.31230602312146760e-03  4.35326674637075317e-08
  1.49505467199782584e-10
0332+5434  23-Feb-25  120000.00   60729.50000000000            26.764100  0.000  0.000
       -51486.994212    1.399541538720 CCERA  360    4  1420.400                
  1.77772477490596499e-05 -7.24276565885809652e-03  1.00542894251765457e-07
 -6.57136554994526443e-11
0332+5434  23-Feb-25  180000.00   60729.75000000000            26.764100  0.000  0.000
       -21258.492316    1.399541538720 CCERA  360    4  1420.400                
 -7.52830607981946553e-06 -7.21612294174259466e-03 -4.54389668284666698e-08
 -1.48586867394320444e-10
0332+5434  24-Feb-25       0.00   60730.00000000000            26.764100  0.000  0.000
         8969.980395    1.399541538720 CCERA  360    4  1420.400                
 -1.72381435676684584e-05 -7.28650474916847559e-03 -1.00811021438424173e-07
  6.73465579393825590e-11
0332+5434  24-Feb-25   60000.00   60730.25000000000            26.764100  0.000  0.000
        39197.446255    1.399541538720 CCERA  360    4  1420.400                
  8.32690002694543080e-06 -7.31287842227788115e-03  4.60310283672983801e-08
  1.48363569070638359e-10
0332+5434  24-Feb-25  120000.00   60730.50000000000            26.764100  0.000  0.000
        69424.922260    1.399541538720 CCERA  360    4  1420.400                
  1.78340008296699228e-05 -7.24232923714983323e-03  1.00525226999056483e-07
 -6.82653881916377024e-11
0332+5434  24-Feb-25  180000.00   60730.75000000000            26.764100  0.000  0.000
        99652.420426    1.399541538720 CCERA  360    4  1420.400                
 -8.48323301437303167e-06 -7.21634398214744763e-03 -4.63987902673776395e-08
 -1.47417536294920306e-10
0332+5434  25-Feb-25       0.00   60731.00000000000            26.764100  0.000  0.000
       129879.908384    1.399541538720 CCERA  360    4  1420.400                
 -1.72255219899148224e-05 -7.28661918089501537e-03 -9.92407636955519264e-08
  6.98938208795528409e-11
