0332+5434  16-Apr-25       0.00   60781.00000000000            26.764100  0.000  0.000
       -95237.540762    1.399541538720 CCERA  360    4  1420.400                
 -5.03412166683348660e-06 -4.78427439739868149e-03  2.11676893961768803e-09
  1.57230664309391894e-10
0332+5434  16-Apr-25   60000.00   60781.25000000000            26.764100  0.000  0.000
       -65009.923214    1.399541538720 CCERA  360    4  1420.400                
  1.86131729871205111e-05 -4.72434861767021506e-03  1.38210202507356413e-07
  4.26615868225524747e-11
0332+5434  16-Apr-25  120000.00   60781.50000000000            26.764100  0.000  0.000
       -34780.337346    1.399541538720 CCERA  360    4  1420.400                
  4.81871625770724977e-06 -4.63654730036637368e-03  6.00467334610257056e-08
 -1.57404367015157142e-10
0332+5434  16-Apr-25  180000.00   60781.75000000000            26.764100  0.000  0.000
        -4552.765939    1.399541538720 CCERA  360    4  1420.400                
 -1.92537793272271652e-05 -4.65153950747405030e-03 -7.51656927621847245e-08
 -4.11144768288851535e-11
0332+5434  17-Apr-25       0.00   60782.00000000000            26.764100  0.000  0.000
        25677.179202    1.399541538720 CCERA  360    4  1420.400                
 -5.16969015364273113e-06 -4.69337280572492809e-03  4.36956109994122664e-09
  1.57951327482995262e-10
0332+5434  17-Apr-25   60000.00   60782.25000000000            26.764100  0.000  0.000
        55905.594665    1.399541538720 CCERA  360    4  1420.400                
  1.88448573764802653e-05 -4.63203140051671788e-03  1.39106528111788799e-07
  3.99488125010126802e-11
0332+5434  17-Apr-25  120000.00   60782.50000000000            26.764100  0.000  0.000
        86134.042022    1.399541538720 CCERA  360    4  1420.400                
  4.89304445151230838e-06 -4.54458626891005892e-03  5.86205803215819788e-08
 -1.58102291352200076e-10
0332+5434  17-Apr-25  180000.00   60782.75000000000            26.764100  0.000  0.000
       116362.503542    1.399541538720 CCERA  360    4  1420.400                
 -1.88181359183463428e-05 -4.56039054233779457e-03 -7.52160602083788492e-08
 -3.83962802410047285e-11
0332+5434  18-Apr-25       0.00   60783.00000000000            26.764100  0.000  0.000
       146590.949737    1.399541538720 CCERA  360    4  1420.400                
 -4.19359426130092815e-06 -4.60126062535468235e-03  6.62924391994382848e-09
  1.58625379172271478e-10
