0332+5434  11-Mar-25       0.00   60745.00000000000            26.764100  0.000  0.000
      -106821.055647    1.399541538720 CCERA  360    4  1420.400                
 -1.55125466965009659e-05 -7.05480235225514670e-03 -7.47374560400649124e-08
  1.02989368658973352e-10
0332+5434  11-Mar-25   60000.00   60745.25000000000            26.764100  0.000  0.000
       -76594.609529    1.399541538720 CCERA  360    4  1420.400                
  1.21167154176776838e-05 -7.05436135794997986e-03  8.12394782079188521e-08
  1.26123777887648035e-10
0332+5434  11-Mar-25  120000.00   60745.50000000000            26.764100  0.000  0.000
       -46366.181745    1.399541538720 CCERA  360    4  1420.400                
  1.51192720096835258e-05 -6.97152652565026336e-03  9.64169273247853957e-08
 -1.03774015748363928e-10
0332+5434  11-Mar-25  180000.00   60745.75000000000            26.764100  0.000  0.000
       -16139.775646    1.399541538720 CCERA  360    4  1420.400                
 -1.21558089308272502e-05 -6.95645103672764675e-03 -5.93666561647116589e-08
 -1.24931561700798393e-10
0332+5434  12-Mar-25       0.00   60746.00000000000            26.764100  0.000  0.000
        14089.356911    1.399541538720 CCERA  360    4  1420.400                
 -1.46768728958830891e-05 -7.02295352409885044e-03 -7.28807110348919868e-08
  1.05147849738027124e-10
0332+5434  12-Mar-25   60000.00   60746.25000000000            26.764100  0.000  0.000
        44316.922568    1.399541538720 CCERA  360    4  1420.400                
  1.27732100789303051e-05 -7.02076232316214011e-03  8.33418871366057479e-08
  1.24325597487019268e-10
0332+5434  12-Mar-25  120000.00   60746.50000000000            26.764100  0.000  0.000
        74544.507048    1.399541538720 CCERA  360    4  1420.400                
  1.43399502382698275e-05 -6.93735191484336558e-03  9.58341753690516158e-08
 -1.05919347556351210e-10
0332+5434  12-Mar-25  180000.00   60746.75000000000            26.764100  0.000  0.000
       104772.113108    1.399541538720 CCERA  360    4  1420.400                
 -1.24078414321003128e-05 -6.92310217319223788e-03 -6.01743679256953630e-08
 -1.23116959254899008e-10
0332+5434  13-Mar-25       0.00   60747.00000000000            26.764100  0.000  0.000
       134999.706380    1.399541538720 CCERA  360    4  1420.400                
 -1.49693198501142967e-05 -6.98924535030072663e-03 -7.10034618952941535e-08
  1.07275714918800660e-10
