0332+5434  17-Feb-25       0.00   60723.00000000000            26.764100  0.000  0.000
      -113861.640219    1.399541538720 CCERA  360    4  1420.400                
 -1.83211480735854497e-05 -7.22537009206921255e-03 -1.10684495656439069e-07
  4.90079095467884364e-11
0332+5434  17-Feb-25   60000.00   60723.25000000000            26.764100  0.000  0.000
       -83633.126117    1.399541538720 CCERA  360    4  1420.400                
  6.20909207813836944e-06 -7.26370207733222431e-03  2.84801897034938920e-08
  1.55422345808360775e-10
0332+5434  17-Feb-25  120000.00   60723.50000000000            26.764100  0.000  0.000
       -53406.618093    1.399541538720 CCERA  360    4  1420.400                
  1.87678936006358346e-05 -7.20050269399427709e-03  1.00212621998421717e-07
 -5.00158160043354997e-11
0332+5434  17-Feb-25  180000.00   60723.75000000000            26.764100  0.000  0.000
       -23178.131960    1.399541538720 CCERA  360    4  1420.400                
 -5.61487145043482585e-06 -7.16994966653648411e-03 -3.92132471542175660e-08
 -1.54662147769716961e-10
0332+5434  18-Feb-25       0.00   60724.00000000000            26.764100  0.000  0.000
         7049.637003    1.399541538720 CCERA  360    4  1420.400                
 -1.85679099984344455e-05 -7.24039061565108846e-03 -1.09389506390791842e-07
  5.16769916273940550e-11
0332+5434  18-Feb-25   60000.00   60724.25000000000            26.764100  0.000  0.000
        37277.117764    1.399541538720 CCERA  360    4  1420.400                
  6.16224540684389365e-06 -7.27705921017166631e-03  3.09977378071894732e-08
  1.54549195203222618e-10
0332+5434  18-Feb-25  120000.00   60724.50000000000            26.764100  0.000  0.000
        67504.605185    1.399541538720 CCERA  360    4  1420.400                
  1.86671329970549103e-05 -7.21276649606314869e-03  1.00324898786400695e-07
 -5.26740769270988007e-11
0332+5434  18-Feb-25  180000.00   60724.75000000000            26.764100  0.000  0.000
        97732.114550    1.399541538720 CCERA  360    4  1420.400                
 -6.11332546369011429e-06 -7.18285617395081170e-03 -4.02993116911049009e-08
 -1.53762901165416123e-10
0332+5434  19-Feb-25       0.00   60725.00000000000            26.764100  0.000  0.000
       127959.614879    1.399541538720 CCERA  360    4  1420.400                
 -1.83736360918945789e-05 -7.25335229573369298e-03 -1.08056454198770526e-07
  5.43308823126353423e-11
