0332+5434  26-Mar-25       0.00   60760.00000000000            26.764100  0.000  0.000
      -102014.410403    1.399541538720 CCERA  360    4  1420.400                
 -1.11233415646428348e-05 -6.38245687857254360e-03 -4.44493298382558848e-08
  1.31853899973418181e-10
0332+5434  26-Mar-25   60000.00   60760.25000000000            26.764100  0.000  0.000
       -71786.211086    1.399541538720 CCERA  360    4  1420.400                
  1.60868027646436232e-05 -6.35574296227711926e-03  1.10379240907054028e-07
  9.55745948467984045e-11
0332+5434  26-Mar-25  120000.00   60760.50000000000            26.764100  0.000  0.000
       -41558.036900    1.399541538720 CCERA  360    4  1420.400                
  1.10776172778206084e-05 -6.26658725401446192e-03  8.52813958436872577e-08
 -1.32366898794625198e-10
0332+5434  26-Mar-25  180000.00   60760.75000000000            26.764100  0.000  0.000
       -11331.882320    1.399541538720 CCERA  360    4  1420.400                
 -1.61381771957809266e-05 -6.26386512690459314e-03 -6.89971870115462063e-08
 -9.41264218609579877e-11
0332+5434  27-Mar-25       0.00   60761.00000000000            26.764100  0.000  0.000
        18897.713357    1.399541538720 CCERA  360    4  1420.400                
 -1.12116686821572037e-05 -6.32260059170304707e-03 -4.22377367691013031e-08
  1.33486431966850974e-10
0332+5434  27-Mar-25   60000.00   60761.25000000000            26.764100  0.000  0.000
        49125.535914    1.399541538720 CCERA  360    4  1420.400                
  1.64487878089949289e-05 -6.29413288175552799e-03  1.12145353279254507e-07
  9.32880403626186239e-11
0332+5434  27-Mar-25  120000.00   60761.50000000000            26.764100  0.000  0.000
        79353.384017    1.399541538720 CCERA  360    4  1420.400                
  1.15417056734131553e-05 -6.20471677795964276e-03  8.43923803348786655e-08
 -1.33979328568181999e-10
0332+5434  27-Mar-25  180000.00   60761.75000000000            26.764100  0.000  0.000
       109581.251557    1.399541538720 CCERA  360    4  1420.400                
 -1.60444395452517660e-05 -6.20278741434392676e-03 -6.94177886065746056e-08
 -9.18261804388426436e-11
0332+5434  28-Mar-25       0.00   60762.00000000000            26.764100  0.000  0.000
       139809.104647    1.399541538720 CCERA  360    4  1420.400                
 -1.09208015925450407e-05 -6.26081334756088768e-03 -4.00077934138487706e-08
  1.35078231301224263e-10
