0953+0755  10-Oct-24       0.00   60593.00000000000             2.958000  0.000  0.000
      -171713.961247    3.951551372963 CCERA  360    4  1420.400                
  8.45494612888564301e-05  1.76547147140714046e-02  5.73666403965693054e-07
  3.39939186572370313e-10
0953+0755  10-Oct-24   60000.00   60593.25000000000             2.958000  0.000  0.000
       -86353.906088    3.951551372963 CCERA  360    4  1420.400                
  3.98096984041405820e-05  1.80628115309343258e-02  3.19761415791976967e-07
 -7.12982415799150106e-10
0953+0755  10-Oct-24  120000.00   60593.50000000000             2.958000  0.000  0.000
         -993.924925    3.951551372963 CCERA  360    4  1420.400                
 -8.48492511689487175e-05  1.80051825029825148e-02 -3.93555971418560518e-07
 -3.34705353844553189e-10
0953+0755  10-Oct-24  180000.00   60593.75000000000             2.958000  0.000  0.000
        84367.860560    3.951551372963 CCERA  360    4  1420.400                
 -3.97155628277440342e-05  1.77288916417856560e-02 -1.34486551223230257e-07
  7.14961772799372552e-10
0953+0755  11-Oct-24       0.00   60594.00000000000             2.958000  0.000  0.000
       169727.770059    3.951551372963 CCERA  360    4  1420.400                
  8.53442180539901759e-05  1.79195080186782922e-02  5.75630819444010469e-07
  3.27655600845740609e-10
