0332+5434  31-Dec-24       0.00   60675.00000000000            26.764100  0.000  0.000
        -8707.953484    1.399541538720 CCERA  360    4  1420.400                
 -1.70894070740748085e-05 -4.22351651104796184e-03 -1.31222403868076040e-07
 -8.10719082592340488e-11
0332+5434  31-Dec-24   60000.00   60675.25000000000            26.764100  0.000  0.000
        21522.511650    1.399541538720 CCERA  360    4  1420.400                
 -1.00879655480426157e-05 -4.32142646732566488e-03 -8.99189633494160304e-08
  1.41769356063472291e-10
0332+5434  31-Dec-24  120000.00   60675.50000000000            26.764100  0.000  0.000
        51751.048630    1.399541538720 CCERA  360    4  1420.400                
  1.74342383162024446e-05 -4.32672940556065588e-03  6.11137120365092257e-08
  8.00653870831038965e-11
0332+5434  31-Dec-24  180000.00   60675.75000000000            26.764100  0.000  0.000
        81979.597712    1.399541538720 CCERA  360    4  1420.400                
  9.07857627844513817e-06 -4.27972587005104755e-03  1.87426741136383900e-08
 -1.42242193283745992e-10
0332+5434  01-Jan-25       0.00   60676.00000000000            26.764100  0.000  0.000
       112208.149561    1.399541538720 CCERA  360    4  1420.400                
 -1.71722384426908113e-05 -4.32561140832880830e-03 -1.31690841830898204e-07
 -7.86232508088358511e-11
