0332+5434  04-Apr-25       0.00   60769.00000000000            26.764100  0.000  0.000
       -99117.984809    1.399541538720 CCERA  360    4  1420.400                
 -9.20406257543448722e-06 -5.77744723773996119e-03 -2.44284708830731963e-08
  1.45046948498422126e-10
0332+5434  04-Apr-25   60000.00   60769.25000000000            26.764100  0.000  0.000
       -68888.006170    1.399541538720 CCERA  360    4  1420.400                
  1.74563049059204685e-05 -5.73551056725615706e-03  1.24718297283802847e-07
  7.40223213299981952e-11
0332+5434  04-Apr-25  120000.00   60769.50000000000            26.764100  0.000  0.000
       -38660.056033    1.399541538720 CCERA  360    4  1420.400                
  8.35967715236918344e-06 -5.64521334564030506e-03  7.60447533904361786e-08
 -1.45451376859641240e-10
0332+5434  04-Apr-25  180000.00   60769.75000000000            26.764100  0.000  0.000
        -8432.123676    1.399541538720 CCERA  360    4  1420.400                
 -1.77667103401854040e-05 -5.64990053420441965e-03 -7.24336060487630635e-08
 -7.25408349078554528e-11
0332+5434  05-Apr-25       0.00   60770.00000000000            26.764100  0.000  0.000
        21796.176386    1.399541538720 CCERA  360    4  1420.400                
 -8.22485442708178842e-06 -5.70195218953876114e-03 -2.22352132494682349e-08
  1.46303783024970794e-10
0332+5434  05-Apr-25   60000.00   60770.25000000000            26.764100  0.000  0.000
        52024.225231    1.399541538720 CCERA  360    4  1420.400                
  1.73925614135771350e-05 -5.65843440819490187e-03  1.26057005802769858e-07
  7.15089307152004522e-11
0332+5434  05-Apr-25  120000.00   60770.50000000000            26.764100  0.000  0.000
        82252.302891    1.399541538720 CCERA  360    4  1420.400                
  8.02060392321246875e-06 -5.56819814054249681e-03  7.48264827253800100e-08
 -1.46694542005515935e-10
0332+5434  05-Apr-25  180000.00   60770.75000000000            26.764100  0.000  0.000
       112480.398081    1.399541538720 CCERA  360    4  1420.400                
 -1.73079079387697087e-05 -5.57375863792271883e-03 -7.27835963727821006e-08
 -7.00242182219974140e-11
0332+5434  06-Apr-25       0.00   60771.00000000000            26.764100  0.000  0.000
       142708.478281    1.399541538720 CCERA  360    4  1420.400                
 -8.02581389758509584e-06 -5.62504033789879617e-03 -2.00435119508215787e-08
  1.47518223082767731e-10
