0332+5434  02-Apr-25       0.00   60767.00000000000            26.764100  0.000  0.000
       -99751.780254    1.399541538720 CCERA  360    4  1420.400                
 -9.04130880860221663e-06 -5.92397018241922878e-03 -2.88330144156786018e-08
  1.42407751170382536e-10
0332+5434  02-Apr-25   60000.00   60767.25000000000            26.764100  0.000  0.000
       -69523.748249    1.399541538720 CCERA  360    4  1420.400                
  1.72922086698631776e-05 -5.88526045064811584e-03  1.21893227910229964e-07
  7.89853591882910384e-11
0332+5434  02-Apr-25  120000.00   60767.50000000000            26.764100  0.000  0.000
       -39295.744082    1.399541538720 CCERA  360    4  1420.400                
  9.48084819071445581e-06 -5.79494729080456874e-03  7.83791018689329434e-08
 -1.42833685228484127e-10
0332+5434  02-Apr-25  180000.00   60767.75000000000            26.764100  0.000  0.000
        -9067.758170    1.399541538720 CCERA  360    4  1420.400                
 -1.72432308727643444e-05 -5.79790757232718709e-03 -7.17007222680680329e-08
 -7.75062666291008302e-11
0332+5434  03-Apr-25       0.00   60768.00000000000            26.764100  0.000  0.000
        21161.757447    1.399541538720 CCERA  360    4  1420.400                
 -9.08411701881632852e-06 -5.85147415101424685e-03 -2.66265602866338213e-08
  1.43748137154644464e-10
0332+5434  03-Apr-25   60000.00   60768.25000000000            26.764100  0.000  0.000
        51389.751851    1.399541538720 CCERA  360    4  1420.400                
  1.74371426581558463e-05 -5.81113931007399415e-03  1.23331631782424921e-07
  7.65147230184813558e-11
0332+5434  03-Apr-25  120000.00   60768.50000000000            26.764100  0.000  0.000
        81617.774431    1.399541538720 CCERA  360    4  1420.400                
  9.14740299972404657e-06 -5.72081545007069314e-03  7.72304475982110013e-08
 -1.44164395955110382e-10
0332+5434  03-Apr-25  180000.00   60768.75000000000            26.764100  0.000  0.000
       111845.815033    1.399541538720 CCERA  360    4  1420.400                
 -1.71095919449115430e-05 -5.72463483318135652e-03 -7.20712721021121425e-08
 -7.50351751920771480e-11
0332+5434  04-Apr-25       0.00   60769.00000000000            26.764100  0.000  0.000
       142073.840763    1.399541538720 CCERA  360    4  1420.400                
 -8.58645144287233097e-06 -5.77744723773996119e-03 -2.44284708830731963e-08
  1.45046948498422126e-10
