0332+5434  20-Mar-25       0.00   60754.00000000000            26.764100  0.000  0.000
      -103924.683893    1.399541538720 CCERA  360    4  1420.400                
 -1.31451768371664061e-05 -6.70160975706813895e-03 -5.72117790267005783e-08
  1.21255685193665147e-10
0332+5434  20-Mar-25   60000.00   60754.25000000000            26.764100  0.000  0.000
       -73696.367746    1.399541538720 CCERA  360    4  1420.400                
  1.49910814543113619e-05 -6.68541719513530627e-03  9.93210608931353217e-08
  1.08673356657600053e-10
0332+5434  20-Mar-25  120000.00   60754.50000000000            26.764100  0.000  0.000
       -43468.074142    1.399541538720 CCERA  360    4  1420.400                
  1.26889153224756472e-05 -6.59822833871840167e-03  9.02775724838640427e-08
 -1.21892158100399302e-10
0332+5434  20-Mar-25  180000.00   60754.75000000000            26.764100  0.000  0.000
       -13241.801092    1.399541538720 CCERA  360    4  1420.400                
 -1.43222718767914584e-05 -6.59063237522901531e-03 -6.58551339387542102e-08
 -1.07326132772854501e-10
0332+5434  21-Mar-25       0.00   60755.00000000000            26.764100  0.000  0.000
        16987.514200    1.399541538720 CCERA  360    4  1420.400                
 -1.28272840104057061e-05 -6.65311581776415351e-03 -5.51458303829927912e-08
  1.23114380381954496e-10
0332+5434  21-Mar-25   60000.00   60755.25000000000            26.764100  0.000  0.000
        47215.215831    1.399541538720 CCERA  360    4  1420.400                
  1.45205037501926724e-05 -6.63517100214986843e-03  1.01217915763732653e-07
  1.06566539707032563e-10
0332+5434  21-Mar-25  120000.00   60755.50000000000            26.764100  0.000  0.000
        77442.940446    1.399541538720 CCERA  360    4  1420.400                
  1.29454629317470664e-05 -6.54760586317395480e-03  8.94869139123504649e-08
 -1.23731646745752619e-10
0332+5434  21-Mar-25  180000.00   60755.75000000000            26.764100  0.000  0.000
       107670.685468    1.399541538720 CCERA  360    4  1420.400                
 -1.50509588696950381e-05 -6.54083499446250684e-03 -6.64523631768060691e-08
 -1.05202354400089049e-10
0332+5434  22-Mar-25       0.00   60756.00000000000            26.764100  0.000  0.000
       137898.416540    1.399541538720 CCERA  360    4  1420.400                
 -1.26740285105140156e-05 -6.60275632462846082e-03 -5.30559053629869251e-08
  1.24936938996271284e-10
