0332+5434  26-Nov-24       0.00   60640.00000000000            26.764100  0.000  0.000
      -301638.482207    1.399541538720 CCERA  360    4  1420.400                
 -8.16688984861778615e-06 -1.57059608159926500e-04 -9.01776139026338849e-08
 -1.46969647530696379e-10
0332+5434  26-Nov-24   60000.00   60640.25000000000            26.764100  0.000  0.000
      -271408.505871    1.399541538720 CCERA  360    4  1420.400                
 -1.70521344031851980e-05 -2.58490770399833500e-04 -1.41830916878786605e-07
  7.11104367619189511e-11
0332+5434  26-Nov-24  120000.00   60640.50000000000            26.764100  0.000  0.000
      -241178.496636    1.399541538720 CCERA  360    4  1420.400                
  8.41454074359785254e-06 -3.13479503394582337e-04  6.24149652829958224e-09
  1.46326870635065372e-10
0332+5434  26-Nov-24  180000.00   60640.75000000000            26.764100  0.000  0.000
      -210948.487128    1.399541538720 CCERA  360    4  1420.400                
  1.74295242349864505e-05 -2.72899588036296960e-04  5.65887467196331600e-08
 -7.23978940254157860e-11
0332+5434  27-Nov-24       0.00   60641.00000000000            26.764100  0.000  0.000
      -180718.488441    1.399541538720 CCERA  360    4  1420.400                
 -8.22959677800976281e-06 -2.79606542313131474e-04 -9.19466172022515854e-08
 -1.45730726987217975e-10
0332+5434  27-Nov-24   60000.00   60641.25000000000            26.764100  0.000  0.000
      -150488.467846    1.399541538720 CCERA  360    4  1420.400                
 -1.77844684220116227e-05 -3.81496155672615635e-04 -1.41044067217224439e-07
  7.36265373754905285e-11
0332+5434  27-Nov-24  120000.00   60641.50000000000            26.764100  0.000  0.000
      -120258.414521    1.399541538720 CCERA  360    4  1420.400                
  8.85757469749994989e-06 -4.35299493388921510e-04  7.88789436489579845e-09
  1.45074781750592926e-10
0332+5434  27-Nov-24  180000.00   60641.75000000000            26.764100  0.000  0.000
       -90028.361285    1.399541538720 CCERA  360    4  1420.400                
  1.71732089250808216e-05 -3.94351406936598926e-04  5.56811530129558982e-08
 -7.48945440511771721e-11
0332+5434  28-Nov-24       0.00   60642.00000000000            26.764100  0.000  0.000
       -59798.318668    1.399541538720 CCERA  360    4  1420.400                
 -8.75324787496341795e-06 -4.02320300235444427e-04 -9.36824293163826868e-08
 -1.44448514948349839e-10
0332+5434  28-Nov-24   60000.00   60642.25000000000            26.764100  0.000  0.000
       -29568.253758    1.399541538720 CCERA  360    4  1420.400                
 -1.71637115551500419e-05 -5.04633816697212779e-04 -1.40209250248049167e-07
  7.61210502187843250e-11
0332+5434  28-Nov-24  120000.00   60642.50000000000            26.764100  0.000  0.000
          662.156302    1.399541538720 CCERA  360    4  1420.400                
  8.75845524195893006e-06 -5.57231252692814419e-04  9.53847121177328029e-09
  1.43780014106874128e-10
0332+5434  28-Nov-24  180000.00   60642.75000000000            26.764100  0.000  0.000
        30892.059296    1.399541538720 CCERA  360    4  1420.400                
  1.71469512379455983e-05 -5.15922314586372615e-04  5.47639121500090370e-08
 -7.73687046724776900e-11
0332+5434  29-Nov-24       0.00   60643.00000000000            26.764100  0.000  0.000
        61121.972707    1.399541538720 CCERA  360    4  1420.400                
 -9.63728788651071124e-06 -5.25145760287125331e-04 -9.53833703770568952e-08
 -1.43123183833797619e-10
0332+5434  29-Nov-24   60000.00   60643.25000000000            26.764100  0.000  0.000
        91351.863448    1.399541538720 CCERA  360    4  1420.400                
 -1.70516765232830761e-05 -6.27847653798766056e-04 -1.39325506318491556e-07
  7.85933365397060980e-11
0332+5434  29-Nov-24  120000.00   60643.50000000000            26.764100  0.000  0.000
       121581.721837    1.399541538720 CCERA  360    4  1420.400                
  9.55159181795296164e-06 -6.79218154495037953e-04  1.11939792756363935e-08
  1.42443124440604314e-10
0332+5434  29-Nov-24  180000.00   60643.75000000000            26.764100  0.000  0.000
       151811.581041    1.399541538720 CCERA  360    4  1420.400                
  1.72995961974061735e-05 -6.37554863804917814e-04  5.38385822943620965e-08
 -7.98197445952946380e-11
0332+5434  30-Nov-24       0.00   60644.00000000000            26.764100  0.000  0.000
       182041.450458    1.399541538720 CCERA  360    4  1420.400                
 -1.00224139027236082e-05 -6.48024153141008529e-04 -9.70476005218449697e-08
 -1.41755198498286302e-10
0332+5434  30-Nov-24   60000.00   60644.25000000000            26.764100  0.000  0.000
       212271.296838    1.399541538720 CCERA  360    4  1420.400                
 -1.72188994145349320e-05 -7.51077801298578873e-04 -1.38391710775723936e-07
  8.10426264011349979e-11
0332+5434  30-Nov-24  120000.00   60644.50000000000            26.764100  0.000  0.000
       242501.111071    1.399541538720 CCERA  360    4  1420.400                
  1.01367675937228560e-05 -8.01199695168807553e-04  1.28553371855066673e-08
  1.41064286765450457e-10
0332+5434  30-Nov-24  180000.00   60644.75000000000            26.764100  0.000  0.000
       272730.926487    1.399541538720 CCERA  360    4  1420.400                
  1.64543608304702278e-05 -7.59187660179816990e-04  5.29068411898336401e-08
 -8.22467289673883324e-11
0332+5434  01-Dec-24       0.00   60645.00000000000            26.764100  0.000  0.000
       302960.751909    1.399541538720 CCERA  360    4  1420.400                
 -9.73790691658096261e-06 -7.70892702444968205e-04 -9.86732399358759629e-08
 -1.40344998141347932e-10
