0332+5434  12-Feb-25       0.00   60718.00000000000            26.764100  0.000  0.000
      -115449.704685    1.399541538720 CCERA  360    4  1420.400                
 -1.94748366472141451e-05 -7.12005723322198508e-03 -1.16597370172123223e-07
  3.54637607169387355e-11
0332+5434  12-Feb-25   60000.00   60718.25000000000            26.764100  0.000  0.000
       -85221.227199    1.399541538720 CCERA  360    4  1420.400                
  3.86335159364099916e-06 -7.16647944736597230e-03  1.58477131301283302e-08
  1.59096324011009925e-10
0332+5434  12-Feb-25  120000.00   60718.50000000000            26.764100  0.000  0.000
       -54994.752872    1.399541538720 CCERA  360    4  1420.400                
  1.93202284567273565e-05 -7.10897143189447543e-03  9.92772125101426896e-08
 -3.65152222732735538e-11
0332+5434  12-Feb-25  180000.00   60718.75000000000            26.764100  0.000  0.000
       -24766.300096    1.399541538720 CCERA  360    4  1420.400                
 -3.98630835449752924e-06 -7.07529293993184889e-03 -3.35429078594506205e-08
 -1.58464828193005235e-10
0332+5434  13-Feb-25       0.00   60719.00000000000            26.764100  0.000  0.000
         5461.839610    1.399541538720 CCERA  360    4  1420.400                
 -1.86946156739893846e-05 -7.14509288415723833e-03 -1.15486926446748447e-07
  3.81960232076901557e-11
0332+5434  13-Feb-25   60000.00   60719.25000000000            26.764100  0.000  0.000
        35689.353364    1.399541538720 CCERA  360    4  1420.400                
  4.26534220369118348e-06 -7.18992616302282020e-03  1.83812571705843724e-08
  1.58454122767640870e-10
0332+5434  13-Feb-25  120000.00   60719.50000000000            26.764100  0.000  0.000
        65916.870862    1.399541538720 CCERA  360    4  1420.400                
  1.85029421593563743e-05 -7.13124858717293156e-03  9.95172078235918268e-08
 -3.92409196690853874e-11
0332+5434  13-Feb-25  180000.00   60719.75000000000            26.764100  0.000  0.000
        96144.409989    1.399541538720 CCERA  360    4  1420.400                
 -4.41811321102808069e-06 -7.09818063651683050e-03 -3.47049791120918424e-08
 -1.57797824348058575e-10
0332+5434  14-Feb-25       0.00   60720.00000000000            26.764100  0.000  0.000
       126371.941177    1.399541538720 CCERA  360    4  1420.400                
 -1.85589755502991027e-05 -7.16815538924422003e-03 -1.14341805113089910e-07
  4.09175233324826922e-11
