0332+5434  08-Apr-25       0.00   60773.00000000000            26.764100  0.000  0.000
       -97818.972003    1.399541538720 CCERA  360    4  1420.400                
 -7.24327027882380533e-06 -5.46712418768904342e-03 -1.56552407157626007e-08
  1.49817539472777522e-10
0332+5434  08-Apr-25   60000.00   60773.25000000000            26.764100  0.000  0.000
       -67589.106288    1.399541538720 CCERA  360    4  1420.400                
  1.80598704561801182e-05 -5.41896696035050474e-03  1.29815578214804836e-07
  6.38486233553210329e-11
0332+5434  08-Apr-25  120000.00   60773.50000000000            26.764100  0.000  0.000
       -37361.270270    1.399541538720 CCERA  360    4  1420.400                
  7.86398847994928829e-06 -5.32909534727465072e-03  7.10122519674007344e-08
 -1.50158051274857016e-10
0332+5434  08-Apr-25  180000.00   60773.75000000000            26.764100  0.000  0.000
        -7133.450997    1.399541538720 CCERA  360    4  1420.400                
 -1.81339292617176041e-05 -5.33728358690066865e-03 -7.37279076079079398e-08
 -6.23492034264149228e-11
0332+5434  09-Apr-25       0.00   60774.00000000000            26.764100  0.000  0.000
        23095.616578    1.399541538720 CCERA  360    4  1420.400                
 -7.29488902550360569e-06 -5.38618112705160478e-03 -1.34554865903255834e-08
  1.50901451469418207e-10
0332+5434  09-Apr-25   60000.00   60774.25000000000            26.764100  0.000  0.000
        53323.780300    1.399541538720 CCERA  360    4  1420.400                
  1.76270199456319643e-05 -5.33650761097438468e-03  1.30989405661769156e-07
  6.12573554126904196e-11
0332+5434  09-Apr-25  120000.00   60774.50000000000            26.764100  0.000  0.000
        83551.973995    1.399541538720 CCERA  360    4  1420.400                
  6.74024140031897451e-06 -5.24681238867163221e-03  6.96965503639309889e-08
 -1.51223320818529905e-10
0332+5434  09-Apr-25  180000.00   60774.75000000000            26.764100  0.000  0.000
       113780.184161    1.399541538720 CCERA  360    4  1420.400                
 -1.80254162027957463e-05 -5.25587298374166536e-03 -7.40000197501251555e-08
 -5.97520780088108028e-11
0332+5434  10-Apr-25       0.00   60775.00000000000            26.764100  0.000  0.000
       144008.379140    1.399541538720 CCERA  360    4  1420.400                
 -7.51046449396498162e-06 -5.30394683862460414e-03 -1.12506087262817138e-08
  1.51941199109976734e-10
