1935+1616  18-Feb-25       0.00   60724.00000000000           158.500000  0.000  0.000
      -190944.482613    2.787546496219 CCERA  360    4  1420.400                
  4.80359315633068035e-05  2.95451159397729091e-03  3.41055634283549258e-07
  3.60829454479256392e-10
1935+1616  18-Feb-25   60000.00   60724.25000000000           158.500000  0.000  0.000
      -130732.604889    2.787546496219 CCERA  360    4  1420.400                
  4.30286766018811391e-05  3.25271525588608033e-03  3.13395620116505657e-07
 -4.01511925951536346e-10
1935+1616  18-Feb-25  120000.00   60724.50000000000           158.500000  0.000  0.000
       -70520.798934    2.787546496219 CCERA  360    4  1420.400                
 -4.79688686164149458e-05  3.28866017312881825e-03 -2.03552010376416338e-07
 -3.57686919787849124e-10
1935+1616  18-Feb-25  180000.00   60724.75000000000           158.500000  0.000  0.000
       -10308.950831    2.787546496219 CCERA  360    4  1420.400                
 -4.26583857833289651e-05  3.09096962484896364e-03 -1.71782559987045811e-07
  4.04275491647102812e-10
1935+1616  19-Feb-25       0.00   60725.00000000000           158.500000  0.000  0.000
        49905.067573    2.787546496219 CCERA  360    4  1420.400                
  4.86031444985276270e-05  3.15730404163133693e-03  3.44552851050128168e-07
  3.53894667456941076e-10
1935+1616  19-Feb-25   60000.00   60725.25000000000           158.500000  0.000  0.000
       110117.262931    2.787546496219 CCERA  360    4  1420.400                
  4.15816538804195031e-05  3.45475801366451922e-03  3.08000512837503624e-07
 -4.07637670906100273e-10
1935+1616  19-Feb-25  120000.00   60725.50000000000           158.500000  0.000  0.000
       170329.528842    2.787546496219 CCERA  360    4  1420.400                
 -4.89499809965204008e-05  3.48595177565431914e-03 -2.08365749461528259e-07
 -3.50709779193976676e-10
1935+1616  19-Feb-25  180000.00   60725.75000000000           158.500000  0.000  0.000
       230541.751518    2.787546496219 CCERA  360    4  1420.400                
 -4.20084971971664827e-05  3.28806648502137904e-03 -1.67720070521181316e-07
  4.10330863060512922e-10
1935+1616  20-Feb-25       0.00   60726.00000000000           158.500000  0.000  0.000
       290753.939907    2.787546496219 CCERA  360    4  1420.400                
  4.95957428421657791e-05  3.35816041369887009e-03  3.47946410541047684e-07
  3.46854897837710544e-10
