0332+5434  18-Feb-25       0.00   60724.00000000000            26.764100  0.000  0.000
       -91542.150453    1.399541538720 CCERA  360    4  1420.400                
 -1.88763247333344440e-05 -7.24039061565108846e-03 -1.09389506390791842e-07
  5.16769916273940550e-11
0332+5434  18-Feb-25   60000.00   60724.25000000000            26.764100  0.000  0.000
       -61315.631214    1.399541538720 CCERA  360    4  1420.400                
  5.85383067194388158e-06 -7.27705921017166631e-03  3.09977378071894732e-08
  1.54549195203222618e-10
0332+5434  18-Feb-25  120000.00   60724.50000000000            26.764100  0.000  0.000
       -31087.118635    1.399541538720 CCERA  360    4  1420.400                
  1.83587182621549253e-05 -7.21276649606314869e-03  1.00324898786400695e-07
 -5.26740769270988007e-11
0332+5434  18-Feb-25  180000.00   60724.75000000000            26.764100  0.000  0.000
         -860.628000    1.399541538720 CCERA  360    4  1420.400                
 -6.42174019859011958e-06 -7.18285617395081170e-03 -4.02993116911049009e-08
 -1.53762901165416123e-10
0332+5434  19-Feb-25       0.00   60725.00000000000            26.764100  0.000  0.000
        29368.128329    1.399541538720 CCERA  360    4  1420.400                
 -1.86820508267945774e-05 -7.25335229573369298e-03 -1.08056454198770526e-07
  5.43308823126353423e-11
0332+5434  19-Feb-25   60000.00   60725.25000000000            26.764100  0.000  0.000
        59595.604698    1.399541538720 CCERA  360    4  1420.400                
  6.10519791945369814e-06 -7.28834252276717304e-03  3.35118891409025050e-08
  1.53630391201405674e-10
0332+5434  19-Feb-25  120000.00   60725.50000000000            26.764100  0.000  0.000
        89823.088309    1.399541538720 CCERA  360    4  1420.400                
  1.79422238244872023e-05 -7.22297131227348736e-03  1.00413356846737936e-07
 -5.53168332394048521e-11
0332+5434  19-Feb-25  180000.00   60725.75000000000            26.764100  0.000  0.000
       120050.593911    1.399541538720 CCERA  360    4  1420.400                
 -6.81120930446089602e-06 -7.19370828359972795e-03 -4.13674778865290271e-08
 -1.52818004956914153e-10
0332+5434  20-Feb-25       0.00   60726.00000000000            26.764100  0.000  0.000
       150278.090269    1.399541538720 CCERA  360    4  1420.400                
 -1.77336818823688687e-05 -7.26423436960331459e-03 -1.06685335330826521e-07
  5.69687765393099099e-11
