0332+5434  10-Feb-25       0.00   60716.00000000000            26.764100  0.000  0.000
      -116100.746951    1.399541538720 CCERA  360    4  1420.400                
 -1.86843803975174704e-05 -7.06408026312548096e-03 -1.18723560092515880e-07
  2.99706813804055519e-11
0332+5434  10-Feb-25   60000.00   60716.25000000000            26.764100  0.000  0.000
       -85872.289122    1.399541538720 CCERA  360    4  1420.400                
  3.62541416704972918e-06 -7.11364446618939755e-03  1.07603248144704604e-08
  1.60241332407453247e-10
0332+5434  10-Feb-25  120000.00   60716.50000000000            26.764100  0.000  0.000
       -55645.833278    1.399541538720 CCERA  360    4  1420.400                
  1.93015236238122449e-05 -7.05853053758799531e-03  9.87042495113497783e-08
 -3.10305609696629660e-11
0332+5434  10-Feb-25  180000.00   60716.75000000000            26.764100  0.000  0.000
       -25417.398805    1.399541538720 CCERA  360    4  1420.400                
 -3.34329547519879400e-06 -7.02366387430048995e-03 -3.11922837771388390e-08
 -1.59656188705533717e-10
0332+5434  11-Feb-25       0.00   60717.00000000000            26.764100  0.000  0.000
         4810.957087    1.399541538720 CCERA  360    4  1420.400                
 -1.87525105998706317e-05 -7.09305373615119750e-03 -1.17675376691916797e-07
  3.27217332628346717e-11
0332+5434  11-Feb-25   60000.00   60717.25000000000            26.764100  0.000  0.000
        35038.489074    1.399541538720 CCERA  360    4  1420.400                
  3.54821808672147718e-06 -7.14105238192287804e-03  1.33081149007199774e-08
  1.59692090924954238e-10
0332+5434  11-Feb-25  120000.00   60717.50000000000            26.764100  0.000  0.000
        65266.023634    1.399541538720 CCERA  360    4  1420.400                
  1.85208973696337120e-05 -7.08473168433997481e-03  9.90071379976854614e-08
 -3.37782646365278872e-11
0332+5434  11-Feb-25  180000.00   60717.75000000000            26.764100  0.000  0.000
        95493.579658    1.399541538720 CCERA  360    4  1420.400                
 -4.42404685266343647e-06 -7.05045290403503912e-03 -3.23709894667060936e-08
 -1.59084383691706948e-10
0332+5434  12-Feb-25       0.00   60718.00000000000            26.764100  0.000  0.000
       125721.128203    1.399541538720 CCERA  360    4  1420.400                
 -1.86967832438684127e-05 -7.12005723298863615e-03 -1.16597373219812340e-07
  3.54637711768823427e-11
