0332+5434  01-Mar-25       0.00   60735.00000000000            26.764100  0.000  0.000
      -110010.976002    1.399541538720 CCERA  360    4  1420.400                
 -1.70801830388535094e-05 -7.26432746829972723e-03 -9.25749781450218804e-08
  7.98627005599115811e-11
0332+5434  01-Mar-25   60000.00   60735.25000000000            26.764100  0.000  0.000
       -79782.451364    1.399541538720 CCERA  360    4  1420.400                
  9.35671240705560891e-06 -7.28171382687393606e-03  5.84524095550777245e-08
  1.41996447966328908e-10
0332+5434  01-Mar-25  120000.00   60735.50000000000            26.764100  0.000  0.000
       -49555.939762    1.399541538720 CCERA  360    4  1420.400                
  1.65844388911654651e-05 -7.20633510977818168e-03  1.00132018258695799e-07
 -8.07140290549503749e-11
0332+5434  01-Mar-25  180000.00   60735.75000000000            26.764100  0.000  0.000
       -19327.450388    1.399541538720 CCERA  360    4  1420.400                
 -1.01186365635993162e-05 -7.18365022941168559e-03 -5.08545735872453622e-08
 -1.40932903411921573e-10
0332+5434  02-Mar-25       0.00   60736.00000000000            26.764100  0.000  0.000
        10900.949979    1.399541538720 CCERA  360    4  1420.400                
 -1.69266477521312506e-05 -7.25299004520030179e-03 -9.08372555359445397e-08
  8.22942575261599743e-11
0332+5434  02-Mar-25   60000.00   60736.25000000000            26.764100  0.000  0.000
        41128.429733    1.399541538720 CCERA  360    4  1420.400                
  9.74042110970564893e-06 -7.26855827536540284e-03  6.08899455217445522e-08
  1.40591525950086207e-10
0332+5434  02-Mar-25  120000.00   60736.50000000000            26.764100  0.000  0.000
        71355.923091    1.399541538720 CCERA  360    4  1420.400                
  1.64645948176590459e-05 -7.19227938699723655e-03  9.99622964398993287e-08
 -8.31389900816869630e-11
0332+5434  02-Mar-25  180000.00   60736.75000000000            26.764100  0.000  0.000
       101583.438670    1.399541538720 CCERA  360    4  1420.400                
 -1.01967142249986697e-05 -7.17027858761144256e-03 -5.17081291920529354e-08
 -1.39513491523680056e-10
0332+5434  03-Mar-25       0.00   60737.00000000000            26.764100  0.000  0.000
       131810.943057    1.399541538720 CCERA  360    4  1420.400                
 -1.70006291610630681e-05 -7.23937583494095593e-03 -8.90848907368416417e-08
  8.47001209141828817e-11
