0332+5434  30-Dec-24       0.00   60674.00000000000            26.764100  0.000  0.000
        -9030.309178    1.399541538720 CCERA  360    4  1420.400                
 -1.64037609335544365e-05 -4.12012749229088461e-03 -1.30701631000028177e-07
 -8.34968259107323476e-11
0332+5434  30-Dec-24   60000.00   60674.25000000000            26.764100  0.000  0.000
        21198.904509    1.399541538720 CCERA  360    4  1420.400                
 -9.48796835735560808e-06 -4.21868571914969705e-03 -9.20094931787780580e-08
  1.40357218123158305e-10
0332+5434  30-Dec-24  120000.00   60674.50000000000            26.764100  0.000  0.000
        51427.478178    1.399541538720 CCERA  360    4  1420.400                
  1.65470878395932407e-05 -4.22555995892176430e-03  5.97149653462707559e-08
  8.24911412358929990e-11
0332+5434  30-Dec-24  180000.00   60674.75000000000            26.764100  0.000  0.000
        81656.063621    1.399541538720 CCERA  360    4  1420.400                
  9.25982687815676477e-06 -4.17854407012940854e-03  1.99372288782664352e-08
 -1.40862014809776840e-10
0332+5434  31-Dec-24       0.00   60675.00000000000            26.764100  0.000  0.000
       111884.652077    1.399541538720 CCERA  360    4  1420.400                
 -1.70768841680098172e-05 -4.22351651104796184e-03 -1.31222403868076040e-07
 -8.10719082592340488e-11
