0332+5434  12-Apr-25       0.00   60777.00000000000            26.764100  0.000  0.000
       -96515.751770    1.399541538720 CCERA  360    4  1420.400                
 -6.43450182509224033e-06 -5.13567710243172885e-03 -6.82268618300134512e-09
  1.53886362078898947e-10
0332+5434  12-Apr-25   60000.00   60777.25000000000            26.764100  0.000  0.000
       -66286.006556    1.399541538720 CCERA  360    4  1420.400                
  1.87945077777209732e-05 -5.08153507557394801e-03  1.34291342741022159e-07
  5.33796534782169590e-11
0332+5434  12-Apr-25  120000.00   60777.50000000000            26.764100  0.000  0.000
       -36058.292094    1.399541538720 CCERA  360    4  1420.400                
  6.54187706467980981e-06 -4.99251698076568114e-03  6.56435754521444755e-08
 -1.54147702189565818e-10
0332+5434  12-Apr-25  180000.00   60777.75000000000            26.764100  0.000  0.000
        -5830.593261    1.399541538720 CCERA  360    4  1420.400                
 -1.84889398229258154e-05 -5.00416513168666210e-03 -7.46665557742083135e-08
 -5.18562147418205634e-11
0332+5434  13-Apr-25       0.00   60778.00000000000            26.764100  0.000  0.000
        24398.879143    1.399541538720 CCERA  360    4  1420.400                
 -6.26535354601218713e-06 -5.04966986242674776e-03 -4.59863366054514019e-09
  1.54791145135820444e-10
0332+5434  13-Apr-25   60000.00   60778.25000000000            26.764100  0.000  0.000
        54627.165184    1.399541538720 CCERA  360    4  1420.400                
  1.82622437057752112e-05 -4.99406367104694021e-03  1.35321708074442469e-07
  5.07215598092122419e-11
0332+5434  13-Apr-25  120000.00   60778.50000000000            26.764100  0.000  0.000
        84855.482220    1.399541538720 CCERA  360    4  1420.400                
  5.61416257647467065e-06 -4.90531755084143775e-03  6.42625046589821818e-08
 -1.55031179311748626e-10
0332+5434  13-Apr-25  180000.00   60778.75000000000            26.764100  0.000  0.000
       115083.814596    1.399541538720 CCERA  360    4  1420.400                
 -1.80530286759436300e-05 -4.91781478296563195e-03 -7.48348166968974714e-08
 -4.91919767591399054e-11
0332+5434  14-Apr-25       0.00   60779.00000000000            26.764100  0.000  0.000
       145312.131668    1.399541538720 CCERA  360    4  1420.400                
 -5.92038757536239418e-06 -4.96242862995361581e-03 -2.36742194928519258e-09
  1.55650251863232630e-10
