0332+5434  02-Feb-25       0.00   60708.00000000000            26.764100  0.000  0.000
      -118669.889682    1.399541538720 CCERA  360    4  1420.400                
 -1.90741160522742263e-05 -6.75883343264182482e-03 -1.26267805229992193e-07
  7.72466104112532554e-12
0332+5434  02-Feb-25   60000.00   60708.25000000000            26.764100  0.000  0.000
       -88441.539849    1.399541538720 CCERA  360    4  1420.400                
  6.39735819640193653e-07 -6.82067324640619772e-03 -1.01065922447042531e-08
  1.62930318691388306e-10
0332+5434  02-Feb-25  120000.00   60708.50000000000            26.764100  0.000  0.000
       -58213.187178    1.399541538720 CCERA  360    4  1420.400                
  1.94804440414654284e-05 -6.77607644778627661e-03  9.48207009771858688e-08
 -8.77235941790692793e-12
0332+5434  02-Feb-25  180000.00   60708.75000000000            26.764100  0.000  0.000
       -27986.854799    1.399541538720 CCERA  360    4  1420.400                
 -1.16963873910157049e-06 -6.73718725892695318e-03 -2.18612300916373846e-08
 -1.62501532246608817e-10
0332+5434  03-Feb-25       0.00   60709.00000000000            26.764100  0.000  0.000
         2242.517008    1.399541538720 CCERA  360    4  1420.400                
 -1.98093392670322699e-05 -6.80441081020420873e-03 -1.25403471148113706e-07
  1.05229723981915664e-11
0332+5434  03-Feb-25   60000.00   60709.25000000000            26.764100  0.000  0.000
        32470.150995    1.399541538720 CCERA  360    4  1420.400                
  1.76658565211845480e-06 -6.86473968218758151e-03 -7.45036876549679182e-09
  1.62762862000912302e-10
0332+5434  03-Feb-25  120000.00   60709.50000000000            26.764100  0.000  0.000
        62697.782761    1.399541538720 CCERA  360    4  1420.400                
  1.95661317226039263e-05 -6.81874150149327195e-03  9.54567873325261437e-08
 -1.15720642222624428e-11
0332+5434  03-Feb-25  180000.00   60709.75000000000            26.764100  0.000  0.000
        92925.434988    1.399541538720 CCERA  360    4  1420.400                
 -1.52113546364593582e-06 -6.78027970830806428e-03 -2.30029600488010172e-08
 -1.62313195929431868e-10
0332+5434  04-Feb-25       0.00   60710.00000000000            26.764100  0.000  0.000
       123153.081580    1.399541538720 CCERA  360    4  1420.400                
 -1.91874888784697003e-05 -6.84780792837478072e-03 -1.24513586087315471e-07
  1.33173251188828348e-11
