0332+5434  16-Dec-24       0.00   60660.00000000000            26.764100  0.000  0.000
       -13596.513011    1.399541538720 CCERA  360    4  1420.400                
 -1.40591014338542177e-05 -2.57051636749031087e-03 -1.18584536116741863e-07
 -1.14508982089481627e-10
0332+5434  16-Dec-24   60000.00   60660.25000000000            26.764100  0.000  0.000
        16633.666133    1.399541538720 CCERA  360    4  1420.400                
 -1.37542725010917894e-05 -2.67438961797567811e-03 -1.17266710864776124e-07
  1.16463857374790108e-10
0332+5434  16-Dec-24  120000.00   60660.50000000000            26.764100  0.000  0.000
        46862.791864    1.399541538720 CCERA  360    4  1420.400                
  1.36405204411909992e-05 -2.70219093584225150e-03  3.93881921401752873e-08
  1.13602717788523980e-10
0332+5434  16-Dec-24  180000.00   60660.75000000000            26.764100  0.000  0.000
        77091.924725    1.399541538720 CCERA  360    4  1420.400                
  1.31141201141461888e-05 -2.65578897242115626e-03  3.68263328110430550e-08
 -1.17344943634467973e-10
0332+5434  17-Dec-24       0.00   60661.00000000000            26.764100  0.000  0.000
       107321.064153    1.399541538720 CCERA  360    4  1420.400                
 -1.39112576232157810e-05 -2.68602251974719118e-03 -1.19702567813135338e-07
 -1.12496938116166934e-10
