0332+5434  03-Apr-25       0.00   60768.00000000000            26.764100  0.000  0.000
       -99434.103935    1.399541538720 CCERA  360    4  1420.400                
 -9.04999718928084016e-06 -5.85147415101424685e-03 -2.66265602866338213e-08
  1.43748137154644464e-10
0332+5434  03-Apr-25   60000.00   60768.25000000000            26.764100  0.000  0.000
       -69206.098339    1.399541538720 CCERA  360    4  1420.400                
  1.74712624876913278e-05 -5.81113931007399415e-03  1.23331631782424921e-07
  7.65147230184813558e-11
0332+5434  03-Apr-25  120000.00   60768.50000000000            26.764100  0.000  0.000
       -38978.120919    1.399541538720 CCERA  360    4  1420.400                
  9.18152282925955526e-06 -5.72081545007069314e-03  7.72304475982110013e-08
 -1.44164395955110382e-10
0332+5434  03-Apr-25  180000.00   60768.75000000000            26.764100  0.000  0.000
        -8750.161521    1.399541538720 CCERA  360    4  1420.400                
 -1.70754721153760682e-05 -5.72463483318135652e-03 -7.20712721021121425e-08
 -7.50351751920771480e-11
0332+5434  04-Apr-25       0.00   60769.00000000000            26.764100  0.000  0.000
        21478.187251    1.399541538720 CCERA  360    4  1420.400                
 -8.55233161333686972e-06 -5.77744723773996119e-03 -2.44284708830731963e-08
  1.45046948498422126e-10
0332+5434  04-Apr-25   60000.00   60769.25000000000            26.764100  0.000  0.000
        51706.208613    1.399541538720 CCERA  360    4  1420.400                
  1.71080358680181159e-05 -5.73551056725615706e-03  1.24718297283802847e-07
  7.40223213299981952e-11
0332+5434  04-Apr-25  120000.00   60769.50000000000            26.764100  0.000  0.000
        81934.258475    1.399541538720 CCERA  360    4  1420.400                
  9.01140811446682466e-06 -5.64521334564030506e-03  7.60447533904361786e-08
 -1.45451376859641240e-10
0332+5434  04-Apr-25  180000.00   60769.75000000000            26.764100  0.000  0.000
       112162.326118    1.399541538720 CCERA  360    4  1420.400                
 -1.71149793780877661e-05 -5.64990053420441965e-03 -7.24336060487630635e-08
 -7.25408349078554528e-11
0332+5434  05-Apr-25       0.00   60770.00000000000            26.764100  0.000  0.000
       142390.378829    1.399541538720 CCERA  360    4  1420.400                
 -8.57312346498414102e-06 -5.70195218953876114e-03 -2.22352132494682349e-08
  1.46303783024970794e-10
