0332+5434  15-Feb-25       0.00   60721.00000000000            26.764100  0.000  0.000
      -114509.782566    1.399541538720 CCERA  360    4  1420.400                
 -1.91762575497679274e-05 -7.18923336918477623e-03 -1.13160311637309527e-07
  4.36272505997267055e-11
0332+5434  15-Feb-25   60000.00   60721.25000000000            26.764100  0.000  0.000
       -84281.280943    1.399541538720 CCERA  360    4  1420.400                
  5.53974418420600419e-06 -7.23084632606689134e-03  2.34364012640595742e-08
  1.57030689949072477e-10
0332+5434  15-Feb-25  120000.00   60721.50000000000            26.764100  0.000  0.000
       -54054.784233    1.399541538720 CCERA  360    4  1420.400                
  1.86875121156896231e-05 -7.16987785189811527e-03  9.99153436065299510e-08
 -4.46551438809904223e-11
0332+5434  15-Feb-25  180000.00   60721.75000000000            26.764100  0.000  0.000
       -23826.309294    1.399541538720 CCERA  360    4  1420.400                
 -5.60667570603484334e-06 -7.13805495260357806e-03 -3.69901282406423351e-08
 -1.56322852687076277e-10
0332+5434  16-Feb-25       0.00   60722.00000000000            26.764100  0.000  0.000
         6401.825965    1.399541538720 CCERA  360    4  1420.400                
 -1.86184360583666683e-05 -7.20831108074851054e-03 -1.11941374414849384e-07
  4.63243555586002196e-11
0332+5434  16-Feb-25   60000.00   60722.25000000000            26.764100  0.000  0.000
        36629.317738    1.399541538720 CCERA  360    4  1420.400                
  5.27639273410071741e-06 -7.24829123442810239e-03  2.59596458872818236e-08
  1.56249529812768990e-10
0332+5434  16-Feb-25  120000.00   60722.50000000000            26.764100  0.000  0.000
        66856.815005    1.399541538720 CCERA  360    4  1420.400                
  1.90662938978710600e-05 -7.18619994175576267e-03  1.00076226737945852e-07
 -4.73425547336385205e-11
0332+5434  16-Feb-25  180000.00   60722.75000000000            26.764100  0.000  0.000
        97084.334107    1.399541538720 CCERA  360    4  1420.400                
 -5.77560869686024795e-06 -7.15500923439462040e-03 -3.81099503714886386e-08
 -1.55515564031578002e-10
0332+5434  17-Feb-25       0.00   60723.00000000000            26.764100  0.000  0.000
       127311.844599    1.399541538720 CCERA  360    4  1420.400                
 -1.82139194293932159e-05 -7.22537009206921255e-03 -1.10684495656439069e-07
  4.90079095467884364e-11
