0332+5434  24-Dec-24       0.00   60668.00000000000            26.764100  0.000  0.000
       -10979.758500    1.399541538720 CCERA  360    4  1420.400                
 -1.56520364248570290e-05 -3.47631544144294449e-03 -1.26537664649451385e-07
 -9.74963104517837573e-11
0332+5434  24-Dec-24   60000.00   60668.25000000000            26.764100  0.000  0.000
        19250.585422    1.399541538720 CCERA  360    4  1420.400                
 -1.13168757814045024e-05 -3.57797455024600440e-03 -1.03720723209324559e-07
  1.31032361303087996e-10
0332+5434  24-Dec-24  120000.00   60668.50000000000            26.764100  0.000  0.000
        49479.388015    1.399541538720 CCERA  360    4  1420.400                
  1.60014125742830275e-05 -3.59404360124376777e-03  5.12105739733866327e-08
  9.65132524752808819e-11
0332+5434  24-Dec-24  180000.00   60668.75000000000            26.764100  0.000  0.000
        79708.200422    1.399541538720 CCERA  360    4  1420.400                
  1.11420089301726526e-05 -3.54706784768003868e-03  2.72178582591939880e-08
 -1.31716037811106236e-10
0332+5434  25-Dec-24       0.00   60669.00000000000            26.764100  0.000  0.000
       109937.017358    1.399541538720 CCERA  360    4  1420.400                
 -1.61667365231049840e-05 -3.58611059344630641e-03 -1.27347785137960092e-07
 -9.52318348296478880e-11
