0332+5434  19-Jan-25       0.00   60694.00000000000            26.764100  0.000  0.000
        -2582.231882    1.399541538720 CCERA  360    4  1420.400                
 -1.86863014497024467e-05 -5.90514539794984722e-03 -1.33734962719395055e-07
 -3.13701901833066072e-11
0332+5434  19-Jan-25   60000.00   60694.25000000000            26.764100  0.000  0.000
        27646.186702    1.399541538720 CCERA  360    4  1420.400                
 -3.74447110476259869e-06 -5.98560341276120709e-03 -4.60712750647578338e-08
  1.60158514295128092e-10
0332+5434  19-Jan-25  120000.00   60694.50000000000            26.764100  0.000  0.000
        57874.130391    1.399541538720 CCERA  360    4  1420.400                
  1.95742556258356194e-05 -5.96144056534100939e-03  8.35598393617315083e-08
  3.02590790452394954e-11
0332+5434  19-Jan-25  180000.00   60694.75000000000            26.764100  0.000  0.000
        88102.091521    1.399541538720 CCERA  360    4  1420.400                
  3.66033304915619653e-06 -5.91749799480463870e-03 -4.93014453184460223e-09
 -1.60150649706557353e-10
0332+5434  20-Jan-25       0.00   60695.00000000000            26.764100  0.000  0.000
       118330.050598    1.399541538720 CCERA  360    4  1420.400                
 -1.95522566457092200e-05 -5.97813787519967371e-03 -1.33509560241870550e-07
 -2.86117344592913804e-11
