0332+5434  23-Nov-24       0.00   60637.00000000000            26.764100  0.000  0.000
       -59799.233756    1.399541538720 CCERA  360    4  1420.400                
 -7.40694575912894112e-06  2.09065750846603512e-04 -8.46846344536737610e-08
 -1.50423227468050189e-10
0332+5434  23-Nov-24   60000.00   60637.25000000000            26.764100  0.000  0.000
       -29569.389689    1.399541538720 CCERA  360    4  1420.400                
 -1.81062361677067719e-05  1.09209833910042193e-04 -1.43910226353038643e-07
  6.34394476671318012e-11
0332+5434  23-Nov-24  120000.00   60637.50000000000            26.764100  0.000  0.000
          661.512274    1.399541538720 CCERA  360    4  1420.400                
  7.95626622023564480e-06  5.07847283979705750e-05  1.32261932292323230e-09
  1.49823121198986947e-10
0332+5434  23-Nov-24  180000.00   60637.75000000000            26.764100  0.000  0.000
        30891.633514    1.399541538720 CCERA  360    4  1420.400                
  1.77791736363668953e-05  9.02103446853555534e-05  5.92412874078163041e-08
 -6.47804181229011161e-11
0332+5434  24-Nov-24       0.00   60638.00000000000            26.764100  0.000  0.000
        61121.766169    1.399541538720 CCERA  360    4  1420.400                
 -7.65142898160726769e-06  8.73227826853017986e-05 -8.65451824211836359e-08
 -1.49316340420408926e-10
