0332+5434  23-Nov-24       0.00   60637.00000000000            26.764100  0.000  0.000
       -59799.233848    1.399541538720 CCERA  360    4  1420.400                
 -7.51045519481305784e-06  2.09070703921731724e-04 -8.46850581379237303e-08
 -1.50423196425761150e-10
0332+5434  23-Nov-24   60000.00   60637.25000000000            26.764100  0.000  0.000
       -29569.389782    1.399541538720 CCERA  360    4  1420.400                
 -1.74698913228227746e-05  1.09214612671286413e-04 -1.43910161280250536e-07
  6.34400327118648063e-11
0332+5434  23-Nov-24  120000.00   60637.50000000000            26.764100  0.000  0.000
          661.512370    1.399541538720 CCERA  360    4  1420.400                
  7.34603923992400049e-06  5.07897361591961742e-05  1.32302248606390115e-09
  1.49822994179250442e-10
0332+5434  23-Nov-24  180000.00   60637.75000000000            26.764100  0.000  0.000
        30891.633611    1.399541538720 CCERA  360    4  1420.400                
  1.80117089502521189e-05  9.02155137558697585e-05  5.92412126193636620e-08
 -6.47810784230783750e-11
0332+5434  24-Nov-24       0.00   60638.00000000000            26.764100  0.000  0.000
        61121.766268    1.399541538720 CCERA  360    4  1420.400                
 -7.59362789084793056e-06  8.73277101032892387e-05 -8.65456045354116889e-08
 -1.49316255682407459e-10
