0332+5434  18-Mar-25       0.00   60752.00000000000            26.764100  0.000  0.000
      -104555.569255    1.399541538720 CCERA  360    4  1420.400                
 -1.37993480300307229e-05 -6.79302575226322335e-03 -6.12721250617844074e-08
  1.17431491615443666e-10
0332+5434  18-Mar-25   60000.00   60752.25000000000            26.764100  0.000  0.000
       -74327.219563    1.399541538720 CCERA  360    4  1420.400                
  1.42046458759402091e-05 -6.78033689335771645e-03  9.54602993236443493e-08
  1.12790282965093968e-10
0332+5434  18-Mar-25  120000.00   60752.50000000000            26.764100  0.000  0.000
       -44100.891513    1.399541538720 CCERA  360    4  1420.400                
  1.32180150338271795e-05 -6.69396291913465936e-03  9.17995512605531056e-08
 -1.18104862074415766e-10
0332+5434  18-Mar-25  180000.00   60752.75000000000            26.764100  0.000  0.000
       -13872.584303    1.399541538720 CCERA  360    4  1420.400                
 -1.38635770837613713e-05 -6.68470838924428452e-03 -6.45807725067806804e-08
 -1.11477392967589009e-10
0332+5434  19-Mar-25       0.00   60753.00000000000            26.764100  0.000  0.000
        16356.263482    1.399541538720 CCERA  360    4  1420.400                
 -1.33378544559359844e-05 -6.74824465235232627e-03 -5.92539012034928502e-08
  1.19361185914443224e-10
0332+5434  19-Mar-25   60000.00   60753.25000000000            26.764100  0.000  0.000
        46583.930229    1.399541538720 CCERA  360    4  1420.400                
  1.39725377199629839e-05 -6.73380411481435542e-03  9.74018524392957512e-08
  1.10748155966519736e-10
0332+5434  19-Mar-25  120000.00   60753.50000000000            26.764100  0.000  0.000
        76811.619069    1.399541538720 CCERA  360    4  1420.400                
  1.34943312856927395e-05 -6.64701220926792666e-03  9.10487321782284153e-08
 -1.20016353480458189e-10
0332+5434  19-Mar-25  180000.00   60753.75000000000            26.764100  0.000  0.000
       107039.328610    1.399541538720 CCERA  360    4  1420.400                
 -1.41824599861707547e-05 -6.63858811748828468e-03 -6.52309849582639425e-08
 -1.09418122027916942e-10
0332+5434  20-Mar-25       0.00   60754.00000000000            26.764100  0.000  0.000
       137267.024421    1.399541538720 CCERA  360    4  1420.400                
 -1.32053338232837857e-05 -6.70160975706813895e-03 -5.72117790267005783e-08
  1.21255685193665147e-10
