0332+5434  28-Dec-24       0.00   60672.00000000000            26.764100  0.000  0.000
        -9699.895677    1.399541538720 CCERA  360    4  1420.400                
 -1.59485838512299907e-05 -3.90974280829321352e-03 -1.29505529080457946e-07
 -8.82708779952547351e-11
0332+5434  28-Dec-24   60000.00   60672.25000000000            26.764100  0.000  0.000
        20530.566659    1.399541538720 CCERA  360    4  1420.400                
 -1.01906276919065024e-05 -4.00948178613794864e-03 -9.60689467580288303e-08
  1.37409137792095882e-10
0332+5434  28-Dec-24  120000.00   60672.50000000000            26.764100  0.000  0.000
        50759.215052    1.399541538720 CCERA  360    4  1420.400                
  1.64241178554907955e-05 -4.01946359270939028e-03  5.69046183077274433e-08
  8.72690231337718403e-11
0332+5434  28-Dec-24  180000.00   60672.75000000000            26.764100  0.000  0.000
        80987.874567    1.399541538720 CCERA  360    4  1420.400                
  1.08003364896797866e-05 -3.97243601343173075e-03  2.23483289647630141e-08
 -1.37976684112915269e-10
0332+5434  29-Dec-24       0.00   60673.00000000000            26.764100  0.000  0.000
       111216.537595    1.399541538720 CCERA  360    4  1420.400                
 -1.65345621147714417e-05 -4.01551368501065157e-03 -1.30128926038950211e-07
 -8.58967729620674748e-11
