0332+5434  22-Apr-25       0.00   60787.00000000000            26.764100  0.000  0.000
       -74582.723138    1.399541538720 CCERA  360    4  1420.400                
 -3.56845724361751690e-06 -4.22074773351657686e-03  1.57339946187988263e-08
  1.60851237234550219e-10
0332+5434  22-Apr-25   60000.00   60787.25000000000            26.764100  0.000  0.000
       -44353.310162    1.399541538720 CCERA  360    4  1420.400                
  1.91874884526508082e-05 -4.15251222067800248e-03  1.43100557347399300e-07
  2.62253391001001055e-11
0332+5434  22-Apr-25  120000.00   60787.50000000000            26.764100  0.000  0.000
       -14125.930041    1.399541538720 CCERA  360    4  1420.400                
  2.70886818365059786e-06 -4.06713622172380929e-03  5.13746198676532193e-08
 -1.60884840161516262e-10
0332+5434  22-Apr-25  180000.00   60787.75000000000            26.764100  0.000  0.000
        16104.562566    1.399541538720 CCERA  360    4  1420.400                
 -1.96016186483791450e-05 -4.08682702326661814e-03 -7.49956156382138205e-08
 -2.46494627485407809e-11
0332+5434  23-Apr-25       0.00   60788.00000000000            26.764100  0.000  0.000
        46333.179895    1.399541538720 CCERA  360    4  1420.400                
 -3.05791770424846042e-06 -4.12260523782829666e-03  1.80247897860633435e-08
  1.61288985523671808e-10
0332+5434  23-Apr-25   60000.00   60788.25000000000            26.764100  0.000  0.000
        76561.802530    1.399541538720 CCERA  360    4  1420.400                
  1.88112039800671782e-05 -4.05302890475632040e-03  1.43802240453255989e-07
  2.34538953550175114e-11
0332+5434  23-Apr-25  120000.00   60788.50000000000            26.764100  0.000  0.000
       106790.458189    1.399541538720 CCERA  360    4  1420.400                
  2.99377429236279517e-06 -3.96812226146609111e-03  4.99067851231333904e-08
 -1.61299378197200909e-10
0332+5434  23-Apr-25  180000.00   60788.75000000000            26.764100  0.000  0.000
       137019.126188    1.399541538720 CCERA  360    4  1420.400                
 -1.94153594370248348e-05 -3.98855326827667750e-03 -7.48565743552620523e-08
 -2.18754416790387765e-11
0332+5434  24-Apr-25       0.00   60789.00000000000            26.764100  0.000  0.000
       167247.779037    1.399541538720 CCERA  360    4  1420.400                
 -2.24241809895998365e-06 -4.02325994839945397e-03  2.03182886787156582e-08
  1.61678386962166578e-10
