0332+5434  14-Feb-25       0.00   60720.00000000000            26.764100  0.000  0.000
      -114825.552626    1.399541538720 CCERA  360    4  1420.400                
 -1.88101234239987650e-05 -7.16815538924422003e-03 -1.14341805113089910e-07
  4.09175233324826922e-11
0332+5434  14-Feb-25   60000.00   60720.25000000000            26.764100  0.000  0.000
       -84597.058333    1.399541538720 CCERA  360    4  1420.400                
  4.51721290879666366e-06 -7.21138589066656639e-03  2.09104445481517396e-08
  1.57765583894045426e-10
0332+5434  14-Feb-25  120000.00   60720.50000000000            26.764100  0.000  0.000
       -54370.568368    1.399541538720 CCERA  360    4  1420.400                
  1.84560575316190163e-05 -7.15155514674239035e-03  9.97293631770997256e-08
 -4.19543823779470266e-11
0332+5434  14-Feb-25  180000.00   60720.75000000000            26.764100  0.000  0.000
       -24142.100106    1.399541538720 CCERA  360    4  1420.400                
 -5.13170063640147552e-06 -7.11910618113658928e-03 -3.58546856668631644e-08
 -1.57083718241061320e-10
0332+5434  15-Feb-25       0.00   60721.00000000000            26.764100  0.000  0.000
         6085.623678    1.399541538720 CCERA  360    4  1420.400                
 -1.88689846983008037e-05 -7.18923336918477623e-03 -1.13160311637309527e-07
  4.36272505997267055e-11
0332+5434  15-Feb-25   60000.00   60721.25000000000            26.764100  0.000  0.000
        36313.122056    1.399541538720 CCERA  360    4  1420.400                
  4.84701703567313072e-06 -7.23084632606689134e-03  2.34364012640595742e-08
  1.57030689949072477e-10
0332+5434  15-Feb-25  120000.00   60721.50000000000            26.764100  0.000  0.000
        66540.625345    1.399541538720 CCERA  360    4  1420.400                
  1.89947849671567469e-05 -7.16987785189811527e-03  9.99153436065299510e-08
 -4.46551438809904223e-11
0332+5434  15-Feb-25  180000.00   60721.75000000000            26.764100  0.000  0.000
        96768.150406    1.399541538720 CCERA  360    4  1420.400                
 -5.29940285456770605e-06 -7.13805495260357806e-03 -3.69901282406423351e-08
 -1.56322852687076277e-10
0332+5434  16-Feb-25       0.00   60722.00000000000            26.764100  0.000  0.000
       126995.667077    1.399541538720 CCERA  360    4  1420.400                
 -1.83111632068994904e-05 -7.20831108074851054e-03 -1.11941374414849384e-07
  4.63243555586002196e-11
